Time, Ang_X, Ang_Y, Ang_Z, Omega_X, Omega_Y, Omega_Z
  1.041667E-03,  1.846153E+01, -5.399264E+00, -8.396395E+01,  7.830025E+00,  4.787633E+00, -7.193388E+00,  0.000000E+00,  0.000000E+00,  0.000000E+00,
  2.083333E-03,  1.879430E+01, -5.858332E+00, -8.453611E+01,  7.791272E+00,  4.846801E+00, -7.065775E+00,  0.000000E+00,  0.000000E+00,  0.000000E+00,
  3.125000E-03,  1.912599E+01, -6.319006E+00, -8.510362E+01,  7.752256E+00,  4.904354E+00, -6.935256E+00,  0.000000E+00,  0.000000E+00,  0.000000E+00,
  4.166667E-03,  1.945655E+01, -6.781293E+00, -8.566630E+01,  7.713022E+00,  4.960273E+00, -6.801874E+00,  0.000000E+00,  0.000000E+00,  0.000000E+00,
  5.208333E-03,  1.978594E+01, -7.245199E+00, -8.622399E+01,  7.673619E+00,  5.014539E+00, -6.665676E+00,  0.000000E+00,  0.000000E+00,  0.000000E+00,
  6.250000E-03,  2.011412E+01, -7.710728E+00, -8.677652E+01,  7.634090E+00,  5.067136E+00, -6.526709E+00,  0.000000E+00,  0.000000E+00,  0.000000E+00,
  7.291667E-03,  2.044106E+01, -8.177885E+00, -8.732374E+01,  7.594481E+00,  5.118050E+00, -6.385020E+00,  0.000000E+00,  0.000000E+00,  0.000000E+00,
  8.333333E-03,  2.076669E+01, -8.646674E+00, -8.786550E+01,  7.554837E+00,  5.167265E+00, -6.240660E+00,  0.000000E+00,  0.000000E+00,  0.000000E+00,
  9.375000E-03,  2.109100E+01, -9.117099E+00, -8.840163E+01,  7.515201E+00,  5.214772E+00, -6.093682E+00,  0.000000E+00,  0.000000E+00,  0.000000E+00,
  1.041667E-02,  2.141393E+01, -9.589162E+00, -8.893198E+01,  7.475617E+00,  5.260558E+00, -5.944136E+00,  0.000000E+00,  0.000000E+00,  0.000000E+00,
  1.145833E-02,  2.173544E+01, -1.006287E+01, -8.945641E+01,  7.436127E+00,  5.304614E+00, -5.792079E+00,  0.000000E+00,  0.000000E+00,  0.000000E+00,
  1.250000E-02,  2.205550E+01, -1.053821E+01, -8.997476E+01,  7.396772E+00,  5.346932E+00, -5.637566E+00,  0.000000E+00,  0.000000E+00,  0.000000E+00,
  1.354167E-02,  2.237406E+01, -1.101520E+01, -9.048690E+01,  7.357593E+00,  5.387506E+00, -5.480653E+00,  0.000000E+00,  0.000000E+00,  0.000000E+00,
  1.458333E-02,  2.269109E+01, -1.149383E+01, -9.099268E+01,  7.318630E+00,  5.426330E+00, -5.321398E+00,  0.000000E+00,  0.000000E+00,  0.000000E+00,
  1.562500E-02,  2.300654E+01, -1.197411E+01, -9.149196E+01,  7.279920E+00,  5.463400E+00, -5.159862E+00,  0.000000E+00,  0.000000E+00,  0.000000E+00,
  1.666667E-02,  2.332037E+01, -1.245603E+01, -9.198461E+01,  7.241502E+00,  5.498712E+00, -4.996105E+00,  0.000000E+00,  0.000000E+00,  0.000000E+00,
  1.770833E-02,  2.363256E+01, -1.293958E+01, -9.247049E+01,  7.203411E+00,  5.532265E+00, -4.830189E+00,  0.000000E+00,  0.000000E+00,  0.000000E+00,
  1.875000E-02,  2.394305E+01, -1.342478E+01, -9.294947E+01,  7.165682E+00,  5.564056E+00, -4.662176E+00,  0.000000E+00,  0.000000E+00,  0.000000E+00,
  1.979167E-02,  2.425181E+01, -1.391161E+01, -9.342143E+01,  7.128350E+00,  5.594088E+00, -4.492130E+00,  0.000000E+00,  0.000000E+00,  0.000000E+00,
  2.083333E-02,  2.455881E+01, -1.440007E+01, -9.388624E+01,  7.091447E+00,  5.622359E+00, -4.320118E+00,  0.000000E+00,  0.000000E+00,  0.000000E+00,
  2.187500E-02,  2.486401E+01, -1.489015E+01, -9.434377E+01,  7.055004E+00,  5.648874E+00, -4.146203E+00,  0.000000E+00,  0.000000E+00,  0.000000E+00,
  2.291667E-02,  2.516736E+01, -1.538185E+01, -9.479392E+01,  7.019050E+00,  5.673633E+00, -3.970455E+00,  0.000000E+00,  0.000000E+00,  0.000000E+00,
  2.395833E-02,  2.546884E+01, -1.587516E+01, -9.523656E+01,  6.983615E+00,  5.696641E+00, -3.792940E+00,  0.000000E+00,  0.000000E+00,  0.000000E+00,
  2.500000E-02,  2.576842E+01, -1.637007E+01, -9.567159E+01,  6.948726E+00,  5.717902E+00, -3.613727E+00,  0.000000E+00,  0.000000E+00,  0.000000E+00,
  2.604167E-02,  2.606605E+01, -1.686658E+01, -9.609889E+01,  6.914407E+00,  5.737423E+00, -3.432886E+00,  0.000000E+00,  0.000000E+00,  0.000000E+00,
  2.708333E-02,  2.636170E+01, -1.736467E+01, -9.651836E+01,  6.880683E+00,  5.755207E+00, -3.250487E+00,  0.000000E+00,  0.000000E+00,  0.000000E+00,
  2.812500E-02,  2.665533E+01, -1.786433E+01, -9.692990E+01,  6.847577E+00,  5.771264E+00, -3.066601E+00,  0.000000E+00,  0.000000E+00,  0.000000E+00,
  2.916667E-02,  2.694693E+01, -1.836555E+01, -9.733340E+01,  6.815110E+00,  5.785598E+00, -2.881301E+00,  0.000000E+00,  0.000000E+00,  0.000000E+00,
  3.020833E-02,  2.723644E+01, -1.886832E+01, -9.772877E+01,  6.783301E+00,  5.798220E+00, -2.694657E+00,  0.000000E+00,  0.000000E+00,  0.000000E+00,
  3.125000E-02,  2.752385E+01, -1.937263E+01, -9.811592E+01,  6.752168E+00,  5.809136E+00, -2.506744E+00,  0.000000E+00,  0.000000E+00,  0.000000E+00,
  3.229167E-02,  2.780912E+01, -1.987845E+01, -9.849476E+01,  6.721728E+00,  5.818356E+00, -2.317634E+00,  0.000000E+00,  0.000000E+00,  0.000000E+00,
  3.333333E-02,  2.809221E+01, -2.038577E+01, -9.886520E+01,  6.691997E+00,  5.825890E+00, -2.127402E+00,  0.000000E+00,  0.000000E+00,  0.000000E+00,
  3.437500E-02,  2.837311E+01, -2.089458E+01, -9.922716E+01,  6.662986E+00,  5.831747E+00, -1.936122E+00,  0.000000E+00,  0.000000E+00,  0.000000E+00,
  3.541667E-02,  2.865178E+01, -2.140485E+01, -9.958057E+01,  6.634709E+00,  5.835939E+00, -1.743869E+00,  0.000000E+00,  0.000000E+00,  0.000000E+00,
  3.645833E-02,  2.892819E+01, -2.191657E+01, -9.992533E+01,  6.607176E+00,  5.838475E+00, -1.550718E+00,  0.000000E+00,  0.000000E+00,  0.000000E+00,
  3.750000E-02,  2.920232E+01, -2.242971E+01, -1.002614E+02,  6.580394E+00,  5.839367E+00, -1.356745E+00,  0.000000E+00,  0.000000E+00,  0.000000E+00,
  3.854167E-02,  2.947413E+01, -2.294426E+01, -1.005887E+02,  6.554372E+00,  5.838626E+00, -1.162024E+00,  0.000000E+00,  0.000000E+00,  0.000000E+00,
  3.958333E-02,  2.974361E+01, -2.346019E+01, -1.009071E+02,  6.529115E+00,  5.836265E+00, -9.666330E-01,  0.000000E+00,  0.000000E+00,  0.000000E+00,
  4.062500E-02,  3.001072E+01, -2.397747E+01, -1.012166E+02,  6.504628E+00,  5.832295E+00, -7.706463E-01,  0.000000E+00,  0.000000E+00,  0.000000E+00,
  4.166667E-02,  3.027545E+01, -2.449608E+01, -1.015172E+02,  6.480912E+00,  5.826729E+00, -5.741406E-01,  0.000000E+00,  0.000000E+00,  0.000000E+00,
  4.270833E-02,  3.053777E+01, -2.501600E+01, -1.018087E+02,  6.457969E+00,  5.819579E+00, -3.771920E-01,  0.000000E+00,  0.000000E+00,  0.000000E+00,
  4.375000E-02,  3.079765E+01, -2.553719E+01, -1.020912E+02,  6.435799E+00,  5.810859E+00, -1.798764E-01,  0.000000E+00,  0.000000E+00,  0.000000E+00,
  4.479167E-02,  3.105507E+01, -2.605963E+01, -1.023645E+02,  6.414400E+00,  5.800582E+00,  1.773006E-02,  0.000000E+00,  0.000000E+00,  0.000000E+00,
  4.583333E-02,  3.131002E+01, -2.658328E+01, -1.026287E+02,  6.393769E+00,  5.788760E+00,  2.155515E-01,  0.000000E+00,  0.000000E+00,  0.000000E+00,
  4.687500E-02,  3.156247E+01, -2.710812E+01, -1.028837E+02,  6.373900E+00,  5.775409E+00,  4.135122E-01,  0.000000E+00,  0.000000E+00,  0.000000E+00,
  4.791667E-02,  3.181241E+01, -2.763411E+01, -1.031294E+02,  6.354787E+00,  5.760540E+00,  6.115367E-01,  0.000000E+00,  0.000000E+00,  0.000000E+00,
  4.895833E-02,  3.205980E+01, -2.816122E+01, -1.033658E+02,  6.336424E+00,  5.744169E+00,  8.095496E-01,  0.000000E+00,  0.000000E+00,  0.000000E+00,
  5.000000E-02,  3.230464E+01, -2.868941E+01, -1.035929E+02,  6.318802E+00,  5.726310E+00,  1.007476E+00,  0.000000E+00,  0.000000E+00,  0.000000E+00,
  5.104167E-02,  3.254691E+01, -2.921865E+01, -1.038106E+02,  6.301909E+00,  5.706977E+00,  1.205242E+00,  0.000000E+00,  0.000000E+00,  0.000000E+00,
  5.208333E-02,  3.278660E+01, -2.974889E+01, -1.040190E+02,  6.285735E+00,  5.686183E+00,  1.402772E+00,  0.000000E+00,  0.000000E+00,  0.000000E+00,
  5.312500E-02,  3.302367E+01, -3.028011E+01, -1.042180E+02,  6.270267E+00,  5.663945E+00,  1.599993E+00,  0.000000E+00,  0.000000E+00,  0.000000E+00,
  5.416667E-02,  3.325813E+01, -3.081226E+01, -1.044076E+02,  6.255491E+00,  5.640277E+00,  1.796833E+00,  0.000000E+00,  0.000000E+00,  0.000000E+00,
  5.520833E-02,  3.348996E+01, -3.134530E+01, -1.045877E+02,  6.241392E+00,  5.615193E+00,  1.993217E+00,  0.000000E+00,  0.000000E+00,  0.000000E+00,
  5.625000E-02,  3.371915E+01, -3.187918E+01, -1.047584E+02,  6.227953E+00,  5.588709E+00,  2.189075E+00,  0.000000E+00,  0.000000E+00,  0.000000E+00,
  5.729167E-02,  3.394568E+01, -3.241387E+01, -1.049196E+02,  6.215156E+00,  5.560841E+00,  2.384334E+00,  0.000000E+00,  0.000000E+00,  0.000000E+00,
  5.833333E-02,  3.416954E+01, -3.294933E+01, -1.050713E+02,  6.202985E+00,  5.531604E+00,  2.578925E+00,  0.000000E+00,  0.000000E+00,  0.000000E+00,
  5.937500E-02,  3.439072E+01, -3.348549E+01, -1.052136E+02,  6.191417E+00,  5.501013E+00,  2.772776E+00,  0.000000E+00,  0.000000E+00,  0.000000E+00,
  6.041667E-02,  3.460922E+01, -3.402233E+01, -1.053464E+02,  6.180434E+00,  5.469085E+00,  2.965819E+00,  0.000000E+00,  0.000000E+00,  0.000000E+00,
  6.145833E-02,  3.482502E+01, -3.455978E+01, -1.054698E+02,  6.170012E+00,  5.435835E+00,  3.157985E+00,  0.000000E+00,  0.000000E+00,  0.000000E+00,
  6.250000E-02,  3.503812E+01, -3.509781E+01, -1.055837E+02,  6.160130E+00,  5.401281E+00,  3.349207E+00,  0.000000E+00,  0.000000E+00,  0.000000E+00,
  6.354167E-02,  3.524851E+01, -3.563636E+01, -1.056881E+02,  6.150765E+00,  5.365438E+00,  3.539417E+00,  0.000000E+00,  0.000000E+00,  0.000000E+00,
  6.458333E-02,  3.545618E+01, -3.617538E+01, -1.057831E+02,  6.141891E+00,  5.328324E+00,  3.728551E+00,  0.000000E+00,  0.000000E+00,  0.000000E+00,
  6.562500E-02,  3.566114E+01, -3.671483E+01, -1.058686E+02,  6.133483E+00,  5.289956E+00,  3.916543E+00,  0.000000E+00,  0.000000E+00,  0.000000E+00,
  6.666667E-02,  3.586337E+01, -3.725464E+01, -1.059448E+02,  6.125516E+00,  5.250350E+00,  4.103329E+00,  0.000000E+00,  0.000000E+00,  0.000000E+00,
  6.770833E-02,  3.606288E+01, -3.779477E+01, -1.060115E+02,  6.117962E+00,  5.209525E+00,  4.288846E+00,  0.000000E+00,  0.000000E+00,  0.000000E+00,
  6.875000E-02,  3.625966E+01, -3.833515E+01, -1.060689E+02,  6.110794E+00,  5.167498E+00,  4.473034E+00,  0.000000E+00,  0.000000E+00,  0.000000E+00,
  6.979167E-02,  3.645370E+01, -3.887574E+01, -1.061170E+02,  6.103985E+00,  5.124288E+00,  4.655830E+00,  0.000000E+00,  0.000000E+00,  0.000000E+00,
  7.083333E-02,  3.664502E+01, -3.941649E+01, -1.061557E+02,  6.097505E+00,  5.079913E+00,  4.837176E+00,  0.000000E+00,  0.000000E+00,  0.000000E+00,
  7.187500E-02,  3.683361E+01, -3.995732E+01, -1.061852E+02,  6.091325E+00,  5.034393E+00,  5.017013E+00,  0.000000E+00,  0.000000E+00,  0.000000E+00,
  7.291667E-02,  3.701947E+01, -4.049819E+01, -1.062053E+02,  6.085416E+00,  4.987745E+00,  5.195283E+00,  0.000000E+00,  0.000000E+00,  0.000000E+00,
  7.395833E-02,  3.720260E+01, -4.103903E+01, -1.062163E+02,  6.079746E+00,  4.939990E+00,  5.371932E+00,  0.000000E+00,  0.000000E+00,  0.000000E+00,
  7.500000E-02,  3.738301E+01, -4.157979E+01, -1.062181E+02,  6.074286E+00,  4.891148E+00,  5.546904E+00,  0.000000E+00,  0.000000E+00,  0.000000E+00,
  7.604167E-02,  3.756070E+01, -4.212041E+01, -1.062108E+02,  6.069004E+00,  4.841240E+00,  5.720146E+00,  0.000000E+00,  0.000000E+00,  0.000000E+00,
  7.708333E-02,  3.773568E+01, -4.266082E+01, -1.061944E+02,  6.063870E+00,  4.790284E+00,  5.891605E+00,  0.000000E+00,  0.000000E+00,  0.000000E+00,
  7.812500E-02,  3.790794E+01, -4.320097E+01, -1.061689E+02,  6.058850E+00,  4.738304E+00,  6.061231E+00,  0.000000E+00,  0.000000E+00,  0.000000E+00,
  7.916667E-02,  3.807750E+01, -4.374080E+01, -1.061344E+02,  6.053914E+00,  4.685320E+00,  6.228973E+00,  0.000000E+00,  0.000000E+00,  0.000000E+00,
  8.020833E-02,  3.824437E+01, -4.428023E+01, -1.060910E+02,  6.049029E+00,  4.631354E+00,  6.394785E+00,  0.000000E+00,  0.000000E+00,  0.000000E+00,
  8.125000E-02,  3.840855E+01, -4.481922E+01, -1.060387E+02,  6.044163E+00,  4.576430E+00,  6.558618E+00,  0.000000E+00,  0.000000E+00,  0.000000E+00,
  8.229167E-02,  3.857005E+01, -4.535769E+01, -1.059775E+02,  6.039283E+00,  4.520568E+00,  6.720428E+00,  0.000000E+00,  0.000000E+00,  0.000000E+00,
  8.333333E-02,  3.872888E+01, -4.589559E+01, -1.059076E+02,  6.034358E+00,  4.463794E+00,  6.880170E+00,  0.000000E+00,  0.000000E+00,  0.000000E+00,
  8.437500E-02,  3.888505E+01, -4.643284E+01, -1.058290E+02,  6.029354E+00,  4.406130E+00,  7.037802E+00,  0.000000E+00,  0.000000E+00,  0.000000E+00,
  8.541667E-02,  3.903857E+01, -4.696939E+01, -1.057416E+02,  6.024240E+00,  4.347601E+00,  7.193283E+00,  0.000000E+00,  0.000000E+00,  0.000000E+00,
  8.645833E-02,  3.918946E+01, -4.750516E+01, -1.056457E+02,  6.018982E+00,  4.288232E+00,  7.346572E+00,  0.000000E+00,  0.000000E+00,  0.000000E+00,
  8.750000E-02,  3.933772E+01, -4.804010E+01, -1.055413E+02,  6.013550E+00,  4.228047E+00,  7.497631E+00,  0.000000E+00,  0.000000E+00,  0.000000E+00,
  8.854167E-02,  3.948337E+01, -4.857414E+01, -1.054284E+02,  6.007910E+00,  4.167073E+00,  7.646424E+00,  0.000000E+00,  0.000000E+00,  0.000000E+00,
  8.958333E-02,  3.962642E+01, -4.910722E+01, -1.053072E+02,  6.002031E+00,  4.105335E+00,  7.792915E+00,  0.000000E+00,  0.000000E+00,  0.000000E+00,
  9.062500E-02,  3.976689E+01, -4.963926E+01, -1.051776E+02,  5.995881E+00,  4.042861E+00,  7.937070E+00,  0.000000E+00,  0.000000E+00,  0.000000E+00,
  9.166667E-02,  3.990480E+01, -5.017021E+01, -1.050397E+02,  5.989429E+00,  3.979677E+00,  8.078856E+00,  0.000000E+00,  0.000000E+00,  0.000000E+00,
  9.270833E-02,  4.004015E+01, -5.069999E+01, -1.048937E+02,  5.982645E+00,  3.915811E+00,  8.218243E+00,  0.000000E+00,  0.000000E+00,  0.000000E+00,
  9.375000E-02,  4.017296E+01, -5.122854E+01, -1.047397E+02,  5.975497E+00,  3.851292E+00,  8.355200E+00,  0.000000E+00,  0.000000E+00,  0.000000E+00,
  9.479167E-02,  4.030326E+01, -5.175580E+01, -1.045776E+02,  5.967956E+00,  3.786147E+00,  8.489701E+00,  0.000000E+00,  0.000000E+00,  0.000000E+00,
  9.583333E-02,  4.043106E+01, -5.228170E+01, -1.044075E+02,  5.959992E+00,  3.720406E+00,  8.621717E+00,  0.000000E+00,  0.000000E+00,  0.000000E+00,
  9.687500E-02,  4.055638E+01, -5.280617E+01, -1.042297E+02,  5.951576E+00,  3.654099E+00,  8.751224E+00,  0.000000E+00,  0.000000E+00,  0.000000E+00,
  9.791667E-02,  4.067923E+01, -5.332915E+01, -1.040440E+02,  5.942680E+00,  3.587255E+00,  8.878199E+00,  0.000000E+00,  0.000000E+00,  0.000000E+00,
  9.895833E-02,  4.079965E+01, -5.385058E+01, -1.038507E+02,  5.933275E+00,  3.519905E+00,  9.002618E+00,  0.000000E+00,  0.000000E+00,  0.000000E+00,
  1.000000E-01,  4.091764E+01, -5.437038E+01, -1.036498E+02,  5.923334E+00,  3.452079E+00,  9.124462E+00,  0.000000E+00,  0.000000E+00,  0.000000E+00,
  1.010417E-01,  4.103322E+01, -5.488849E+01, -1.034414E+02,  5.912831E+00,  3.383810E+00,  9.243710E+00,  0.000000E+00,  0.000000E+00,  0.000000E+00,
  1.020833E-01,  4.114643E+01, -5.540485E+01, -1.032256E+02,  5.901739E+00,  3.315129E+00,  9.360346E+00,  0.000000E+00,  0.000000E+00,  0.000000E+00,
  1.031250E-01,  4.125728E+01, -5.591939E+01, -1.030025E+02,  5.890034E+00,  3.246068E+00,  9.474352E+00,  0.000000E+00,  0.000000E+00,  0.000000E+00,
  1.041667E-01,  4.136579E+01, -5.643205E+01, -1.027721E+02,  5.877691E+00,  3.176660E+00,  9.585713E+00,  0.000000E+00,  0.000000E+00,  0.000000E+00,
  1.052083E-01,  4.147198E+01, -5.694277E+01, -1.025346E+02,  5.864686E+00,  3.106937E+00,  9.694417E+00,  0.000000E+00,  0.000000E+00,  0.000000E+00,
  1.062500E-01,  4.157589E+01, -5.745148E+01, -1.022901E+02,  5.850997E+00,  3.036933E+00,  9.800450E+00,  0.000000E+00,  0.000000E+00,  0.000000E+00,
  1.072917E-01,  4.167753E+01, -5.795811E+01, -1.020386E+02,  5.836601E+00,  2.966682E+00,  9.903801E+00,  0.000000E+00,  0.000000E+00,  0.000000E+00,
  1.083333E-01,  4.177692E+01, -5.846261E+01, -1.017803E+02,  5.821477E+00,  2.896217E+00,  1.000446E+01,  0.000000E+00,  0.000000E+00,  0.000000E+00,
  1.093750E-01,  4.187410E+01, -5.896491E+01, -1.015152E+02,  5.805606E+00,  2.825573E+00,  1.010242E+01,  0.000000E+00,  0.000000E+00,  0.000000E+00,
  1.104167E-01,  4.196908E+01, -5.946495E+01, -1.012435E+02,  5.788968E+00,  2.754784E+00,  1.019768E+01,  0.000000E+00,  0.000000E+00,  0.000000E+00,
  1.114583E-01,  4.206189E+01, -5.996268E+01, -1.009652E+02,  5.771546E+00,  2.683885E+00,  1.029022E+01,  0.000000E+00,  0.000000E+00,  0.000000E+00,
  1.125000E-01,  4.215256E+01, -6.045802E+01, -1.006805E+02,  5.753320E+00,  2.612910E+00,  1.038005E+01,  0.000000E+00,  0.000000E+00,  0.000000E+00,
  1.135417E-01,  4.224111E+01, -6.095092E+01, -1.003895E+02,  5.734277E+00,  2.541895E+00,  1.046716E+01,  0.000000E+00,  0.000000E+00,  0.000000E+00,
  1.145833E-01,  4.232757E+01, -6.144132E+01, -1.000922E+02,  5.714399E+00,  2.470876E+00,  1.055155E+01,  0.000000E+00,  0.000000E+00,  0.000000E+00,
  1.156250E-01,  4.241197E+01, -6.192916E+01, -9.978875E+01,  5.693674E+00,  2.399887E+00,  1.063322E+01,  0.000000E+00,  0.000000E+00,  0.000000E+00,
  1.166667E-01,  4.249433E+01, -6.241438E+01, -9.947928E+01,  5.672088E+00,  2.328964E+00,  1.071217E+01,  0.000000E+00,  0.000000E+00,  0.000000E+00,
  1.177083E-01,  4.257468E+01, -6.289693E+01, -9.916387E+01,  5.649628E+00,  2.258143E+00,  1.078840E+01,  0.000000E+00,  0.000000E+00,  0.000000E+00,
  1.187500E-01,  4.265304E+01, -6.337675E+01, -9.884264E+01,  5.626285E+00,  2.187460E+00,  1.086192E+01,  0.000000E+00,  0.000000E+00,  0.000000E+00,
  1.197917E-01,  4.272945E+01, -6.385377E+01, -9.851569E+01,  5.602048E+00,  2.116949E+00,  1.093272E+01,  0.000000E+00,  0.000000E+00,  0.000000E+00,
  1.208333E-01,  4.280394E+01, -6.432796E+01, -9.818312E+01,  5.576908E+00,  2.046647E+00,  1.100082E+01,  0.000000E+00,  0.000000E+00,  0.000000E+00,
  1.218750E-01,  4.287652E+01, -6.479925E+01, -9.784505E+01,  5.550859E+00,  1.976589E+00,  1.106622E+01,  0.000000E+00,  0.000000E+00,  0.000000E+00,
  1.229167E-01,  4.294724E+01, -6.526758E+01, -9.750158E+01,  5.523892E+00,  1.906811E+00,  1.112893E+01,  0.000000E+00,  0.000000E+00,  0.000000E+00,
  1.239583E-01,  4.301611E+01, -6.573291E+01, -9.715281E+01,  5.496004E+00,  1.837348E+00,  1.118896E+01,  0.000000E+00,  0.000000E+00,  0.000000E+00,
  1.250000E-01,  4.308317E+01, -6.619518E+01, -9.679886E+01,  5.467190E+00,  1.768235E+00,  1.124631E+01,  0.000000E+00,  0.000000E+00,  0.000000E+00,
  1.260417E-01,  4.314845E+01, -6.665435E+01, -9.643982E+01,  5.437446E+00,  1.699508E+00,  1.130100E+01,  0.000000E+00,  0.000000E+00,  0.000000E+00,
  1.270833E-01,  4.321197E+01, -6.711035E+01, -9.607582E+01,  5.406772E+00,  1.631200E+00,  1.135304E+01,  0.000000E+00,  0.000000E+00,  0.000000E+00,
  1.281250E-01,  4.327376E+01, -6.756315E+01, -9.570696E+01,  5.375165E+00,  1.563348E+00,  1.140244E+01,  0.000000E+00,  0.000000E+00,  0.000000E+00,
  1.291667E-01,  4.333386E+01, -6.801269E+01, -9.533334E+01,  5.342626E+00,  1.495984E+00,  1.144921E+01,  0.000000E+00,  0.000000E+00,  0.000000E+00,
  1.302083E-01,  4.339229E+01, -6.845892E+01, -9.495508E+01,  5.309157E+00,  1.429142E+00,  1.149338E+01,  0.000000E+00,  0.000000E+00,  0.000000E+00,
  1.312500E-01,  4.344908E+01, -6.890180E+01, -9.457228E+01,  5.274760E+00,  1.362858E+00,  1.153494E+01,  0.000000E+00,  0.000000E+00,  0.000000E+00,
  1.322917E-01,  4.350427E+01, -6.934128E+01, -9.418505E+01,  5.239438E+00,  1.297162E+00,  1.157393E+01,  0.000000E+00,  0.000000E+00,  0.000000E+00,
  1.333333E-01,  4.355788E+01, -6.977732E+01, -9.379350E+01,  5.203197E+00,  1.232089E+00,  1.161036E+01,  0.000000E+00,  0.000000E+00,  0.000000E+00,
  1.343750E-01,  4.360994E+01, -7.020986E+01, -9.339774E+01,  5.166042E+00,  1.167670E+00,  1.164424E+01,  0.000000E+00,  0.000000E+00,  0.000000E+00,
  1.354167E-01,  4.366048E+01, -7.063888E+01, -9.299788E+01,  5.127979E+00,  1.103938E+00,  1.167559E+01,  0.000000E+00,  0.000000E+00,  0.000000E+00,
  1.364583E-01,  4.370953E+01, -7.106432E+01, -9.259402E+01,  5.089018E+00,  1.040923E+00,  1.170443E+01,  0.000000E+00,  0.000000E+00,  0.000000E+00,
  1.375000E-01,  4.375712E+01, -7.148615E+01, -9.218627E+01,  5.049165E+00,  9.786564E-01,  1.173079E+01,  0.000000E+00,  0.000000E+00,  0.000000E+00,
  1.385417E-01,  4.380328E+01, -7.190431E+01, -9.177475E+01,  5.008432E+00,  9.171680E-01,  1.175467E+01,  0.000000E+00,  0.000000E+00,  0.000000E+00,
  1.395833E-01,  4.384804E+01, -7.231878E+01, -9.135955E+01,  4.966829E+00,  8.564873E-01,  1.177611E+01,  0.000000E+00,  0.000000E+00,  0.000000E+00,
  1.406250E-01,  4.389143E+01, -7.272952E+01, -9.094078E+01,  4.924367E+00,  7.966432E-01,  1.179512E+01,  0.000000E+00,  0.000000E+00,  0.000000E+00,
  1.416667E-01,  4.393348E+01, -7.313648E+01, -9.051855E+01,  4.881060E+00,  7.376637E-01,  1.181173E+01,  0.000000E+00,  0.000000E+00,  0.000000E+00,
  1.427083E-01,  4.397421E+01, -7.353963E+01, -9.009298E+01,  4.836921E+00,  6.795765E-01,  1.182596E+01,  0.000000E+00,  0.000000E+00,  0.000000E+00,
  1.437500E-01,  4.401367E+01, -7.393893E+01, -8.966415E+01,  4.791964E+00,  6.224080E-01,  1.183783E+01,  0.000000E+00,  0.000000E+00,  0.000000E+00,
  1.447917E-01,  4.405187E+01, -7.433435E+01, -8.923218E+01,  4.746206E+00,  5.661844E-01,  1.184737E+01,  0.000000E+00,  0.000000E+00,  0.000000E+00,
  1.458333E-01,  4.408885E+01, -7.472586E+01, -8.879717E+01,  4.699661E+00,  5.109306E-01,  1.185460E+01,  0.000000E+00,  0.000000E+00,  0.000000E+00,
  1.468750E-01,  4.412463E+01, -7.511341E+01, -8.835923E+01,  4.652346E+00,  4.566711E-01,  1.185954E+01,  0.000000E+00,  0.000000E+00,  0.000000E+00,
  1.479167E-01,  4.415925E+01, -7.549699E+01, -8.791846E+01,  4.604280E+00,  4.034294E-01,  1.186223E+01,  0.000000E+00,  0.000000E+00,  0.000000E+00,
  1.489583E-01,  4.419272E+01, -7.587655E+01, -8.747496E+01,  4.555481E+00,  3.512281E-01,  1.186268E+01,  0.000000E+00,  0.000000E+00,  0.000000E+00,
  1.500000E-01,  4.422510E+01, -7.625206E+01, -8.702884E+01,  4.505968E+00,  3.000890E-01,  1.186092E+01,  0.000000E+00,  0.000000E+00,  0.000000E+00,
  1.510417E-01,  4.425639E+01, -7.662350E+01, -8.658020E+01,  4.455760E+00,  2.500329E-01,  1.185698E+01,  0.000000E+00,  0.000000E+00,  0.000000E+00,
  1.520833E-01,  4.428662E+01, -7.699084E+01, -8.612913E+01,  4.404879E+00,  2.010800E-01,  1.185088E+01,  0.000000E+00,  0.000000E+00,  0.000000E+00,
  1.531250E-01,  4.431584E+01, -7.735405E+01, -8.567575E+01,  4.353344E+00,  1.532491E-01,  1.184265E+01,  0.000000E+00,  0.000000E+00,  0.000000E+00,
  1.541667E-01,  4.434405E+01, -7.771310E+01, -8.522014E+01,  4.301177E+00,  1.065585E-01,  1.183233E+01,  0.000000E+00,  0.000000E+00,  0.000000E+00,
  1.552083E-01,  4.437130E+01, -7.806797E+01, -8.476241E+01,  4.248401E+00,  6.102527E-02,  1.181992E+01,  0.000000E+00,  0.000000E+00,  0.000000E+00,
  1.562500E-01,  4.439761E+01, -7.841863E+01, -8.430266E+01,  4.195038E+00,  1.666564E-02,  1.180548E+01,  0.000000E+00,  0.000000E+00,  0.000000E+00,
  1.572917E-01,  4.442300E+01, -7.876506E+01, -8.384098E+01,  4.141110E+00, -2.650517E-02,  1.178901E+01,  0.000000E+00,  0.000000E+00,  0.000000E+00,
  1.583333E-01,  4.444751E+01, -7.910723E+01, -8.337747E+01,  4.086641E+00, -6.847293E-02,  1.177055E+01,  0.000000E+00,  0.000000E+00,  0.000000E+00,
  1.593750E-01,  4.447115E+01, -7.944512E+01, -8.291223E+01,  4.031655E+00, -1.092244E-01,  1.175013E+01,  0.000000E+00,  0.000000E+00,  0.000000E+00,
  1.604167E-01,  4.449396E+01, -7.977871E+01, -8.244534E+01,  3.976175E+00, -1.487473E-01,  1.172778E+01,  0.000000E+00,  0.000000E+00,  0.000000E+00,
  1.614583E-01,  4.451596E+01, -8.010797E+01, -8.197691E+01,  3.920227E+00, -1.870304E-01,  1.170352E+01,  0.000000E+00,  0.000000E+00,  0.000000E+00,
  1.625000E-01,  4.453717E+01, -8.043290E+01, -8.150703E+01,  3.863833E+00, -2.240634E-01,  1.167738E+01,  0.000000E+00,  0.000000E+00,  0.000000E+00,
  1.635417E-01,  4.455763E+01, -8.075346E+01, -8.103579E+01,  3.807020E+00, -2.598371E-01,  1.164940E+01,  0.000000E+00,  0.000000E+00,  0.000000E+00,
  1.645833E-01,  4.457735E+01, -8.106964E+01, -8.056328E+01,  3.749812E+00, -2.943432E-01,  1.161959E+01,  0.000000E+00,  0.000000E+00,  0.000000E+00,
  1.656250E-01,  4.459637E+01, -8.138142E+01, -8.008959E+01,  3.692234E+00, -3.275746E-01,  1.158800E+01,  0.000000E+00,  0.000000E+00,  0.000000E+00,
  1.666667E-01,  4.461469E+01, -8.168879E+01, -7.961480E+01,  3.634312E+00, -3.595249E-01,  1.155464E+01,  0.000000E+00,  0.000000E+00,  0.000000E+00,
  1.677083E-01,  4.463236E+01, -8.199172E+01, -7.913902E+01,  3.576069E+00, -3.901890E-01,  1.151955E+01,  0.000000E+00,  0.000000E+00,  0.000000E+00,
  1.687500E-01,  4.464939E+01, -8.229021E+01, -7.866232E+01,  3.517533E+00, -4.195625E-01,  1.148275E+01,  0.000000E+00,  0.000000E+00,  0.000000E+00,
  1.697917E-01,  4.466581E+01, -8.258423E+01, -7.818480E+01,  3.458727E+00, -4.476422E-01,  1.144428E+01,  0.000000E+00,  0.000000E+00,  0.000000E+00,
  1.708333E-01,  4.468163E+01, -8.287377E+01, -7.770653E+01,  3.399678E+00, -4.744259E-01,  1.140417E+01,  0.000000E+00,  0.000000E+00,  0.000000E+00,
  1.718750E-01,  4.469689E+01, -8.315883E+01, -7.722760E+01,  3.340409E+00, -4.999120E-01,  1.136243E+01,  0.000000E+00,  0.000000E+00,  0.000000E+00,
  1.729167E-01,  4.471160E+01, -8.343938E+01, -7.674809E+01,  3.280946E+00, -5.241004E-01,  1.131911E+01,  0.000000E+00,  0.000000E+00,  0.000000E+00,
  1.739583E-01,  4.472578E+01, -8.371542E+01, -7.626809E+01,  3.221315E+00, -5.469915E-01,  1.127423E+01,  0.000000E+00,  0.000000E+00,  0.000000E+00,
  1.750000E-01,  4.473945E+01, -8.398693E+01, -7.578767E+01,  3.161539E+00, -5.685868E-01,  1.122782E+01,  0.000000E+00,  0.000000E+00,  0.000000E+00,
  1.760417E-01,  4.475264E+01, -8.425390E+01, -7.530692E+01,  3.101643E+00, -5.888887E-01,  1.117990E+01,  0.000000E+00,  0.000000E+00,  0.000000E+00,
  1.770833E-01,  4.476537E+01, -8.451632E+01, -7.482592E+01,  3.041651E+00, -6.079006E-01,  1.113051E+01,  0.000000E+00,  0.000000E+00,  0.000000E+00,
  1.781250E-01,  4.477765E+01, -8.477419E+01, -7.434473E+01,  2.981586E+00, -6.256265E-01,  1.107967E+01,  0.000000E+00,  0.000000E+00,  0.000000E+00,
  1.791667E-01,  4.478951E+01, -8.502749E+01, -7.386345E+01,  2.921474E+00, -6.420715E-01,  1.102742E+01,  0.000000E+00,  0.000000E+00,  0.000000E+00,
  1.802083E-01,  4.480096E+01, -8.527621E+01, -7.338214E+01,  2.861336E+00, -6.572416E-01,  1.097378E+01,  0.000000E+00,  0.000000E+00,  0.000000E+00,
  1.812500E-01,  4.481202E+01, -8.552035E+01, -7.290087E+01,  2.801197E+00, -6.711434E-01,  1.091878E+01,  0.000000E+00,  0.000000E+00,  0.000000E+00,
  1.822917E-01,  4.482271E+01, -8.575990E+01, -7.241973E+01,  2.741077E+00, -6.837843E-01,  1.086244E+01,  0.000000E+00,  0.000000E+00,  0.000000E+00,
  1.833333E-01,  4.483304E+01, -8.599486E+01, -7.193877E+01,  2.681000E+00, -6.951728E-01,  1.080480E+01,  0.000000E+00,  0.000000E+00,  0.000000E+00,
  1.843750E-01,  4.484304E+01, -8.622521E+01, -7.145808E+01,  2.620987E+00, -7.053179E-01,  1.074588E+01,  0.000000E+00,  0.000000E+00,  0.000000E+00,
  1.854167E-01,  4.485271E+01, -8.645095E+01, -7.097772E+01,  2.561059E+00, -7.142293E-01,  1.068571E+01,  0.000000E+00,  0.000000E+00,  0.000000E+00,
  1.864583E-01,  4.486208E+01, -8.667208E+01, -7.049776E+01,  2.501237E+00, -7.219177E-01,  1.062432E+01,  0.000000E+00,  0.000000E+00,  0.000000E+00,
  1.875000E-01,  4.487116E+01, -8.688859E+01, -7.001827E+01,  2.441542E+00, -7.283941E-01,  1.056173E+01,  0.000000E+00,  0.000000E+00,  0.000000E+00,
  1.885417E-01,  4.487997E+01, -8.710047E+01, -6.953931E+01,  2.381993E+00, -7.336704E-01,  1.049798E+01,  0.000000E+00,  0.000000E+00,  0.000000E+00,
  1.895833E-01,  4.488851E+01, -8.730774E+01, -6.906095E+01,  2.322609E+00, -7.377593E-01,  1.043308E+01,  0.000000E+00,  0.000000E+00,  0.000000E+00,
  1.906250E-01,  4.489680E+01, -8.751037E+01, -6.858325E+01,  2.263409E+00, -7.406737E-01,  1.036707E+01,  0.000000E+00,  0.000000E+00,  0.000000E+00,
  1.916667E-01,  4.490486E+01, -8.770837E+01, -6.810628E+01,  2.204411E+00, -7.424275E-01,  1.029997E+01,  0.000000E+00,  0.000000E+00,  0.000000E+00,
  1.927083E-01,  4.491269E+01, -8.790174E+01, -6.763009E+01,  2.145632E+00, -7.430349E-01,  1.023181E+01,  0.000000E+00,  0.000000E+00,  0.000000E+00,
  1.937500E-01,  4.492032E+01, -8.809047E+01, -6.715474E+01,  2.087091E+00, -7.425108E-01,  1.016261E+01,  0.000000E+00,  0.000000E+00,  0.000000E+00,
  1.947917E-01,  4.492774E+01, -8.827457E+01, -6.668030E+01,  2.028802E+00, -7.408706E-01,  1.009240E+01,  0.000000E+00,  0.000000E+00,  0.000000E+00,
  1.958333E-01,  4.493498E+01, -8.845403E+01, -6.620681E+01,  1.970782E+00, -7.381301E-01,  1.002121E+01,  0.000000E+00,  0.000000E+00,  0.000000E+00,
  1.968750E-01,  4.494203E+01, -8.862885E+01, -6.573435E+01,  1.913045E+00, -7.343056E-01,  9.949062E+00,  0.000000E+00,  0.000000E+00,  0.000000E+00,
  1.979167E-01,  4.494892E+01, -8.879903E+01, -6.526296E+01,  1.855607E+00, -7.294139E-01,  9.875979E+00,  0.000000E+00,  0.000000E+00,  0.000000E+00,
  1.989583E-01,  4.495564E+01, -8.896457E+01, -6.479269E+01,  1.798481E+00, -7.234721E-01,  9.801988E+00,  0.000000E+00,  0.000000E+00,  0.000000E+00,
  2.000000E-01,  4.496222E+01, -8.912548E+01, -6.432360E+01,  1.741680E+00, -7.164978E-01,  9.727114E+00,  0.000000E+00,  0.000000E+00,  0.000000E+00,
  2.010417E-01,  4.496864E+01, -8.928175E+01, -6.385575E+01,  1.685217E+00, -7.085090E-01,  9.651382E+00,  0.000000E+00,  0.000000E+00,  0.000000E+00,
  2.020833E-01,  4.497494E+01, -8.943339E+01, -6.338918E+01,  1.629104E+00, -6.995239E-01,  9.574817E+00,  0.000000E+00,  0.000000E+00,  0.000000E+00,
  2.031250E-01,  4.498110E+01, -8.958039E+01, -6.292393E+01,  1.573352E+00, -6.895610E-01,  9.497444E+00,  0.000000E+00,  0.000000E+00,  0.000000E+00,
  2.041667E-01,  4.498713E+01, -8.972276E+01, -6.246007E+01,  1.517972E+00, -6.786392E-01,  9.419285E+00,  0.000000E+00,  0.000000E+00,  0.000000E+00,
  2.052083E-01,  4.499305E+01, -8.986051E+01, -6.199763E+01,  1.462974E+00, -6.667777E-01,  9.340367E+00,  0.000000E+00,  0.000000E+00,  0.000000E+00,
  2.062500E-01,  4.499885E+01, -8.999363E+01, -6.153667E+01,  1.408367E+00, -6.539958E-01,  9.260712E+00,  0.000000E+00,  0.000000E+00,  0.000000E+00,
  2.072917E-01,  4.500454E+01, -9.012213E+01, -6.107722E+01,  1.354160E+00, -6.403130E-01,  9.180345E+00,  0.000000E+00,  0.000000E+00,  0.000000E+00,
  2.083333E-01,  4.501013E+01, -9.024601E+01, -6.061933E+01,  1.300361E+00, -6.257491E-01,  9.099288E+00,  0.000000E+00,  0.000000E+00,  0.000000E+00,
  2.093750E-01,  4.501561E+01, -9.036528E+01, -6.016305E+01,  1.246977E+00, -6.103241E-01,  9.017567E+00,  0.000000E+00,  0.000000E+00,  0.000000E+00,
  2.104167E-01,  4.502099E+01, -9.047993E+01, -5.970841E+01,  1.194016E+00, -5.940580E-01,  8.935202E+00,  0.000000E+00,  0.000000E+00,  0.000000E+00,
  2.114583E-01,  4.502627E+01, -9.058999E+01, -5.925545E+01,  1.141483E+00, -5.769710E-01,  8.852219E+00,  0.000000E+00,  0.000000E+00,  0.000000E+00,
  2.125000E-01,  4.503145E+01, -9.069544E+01, -5.880422E+01,  1.089384E+00, -5.590834E-01,  8.768639E+00,  0.000000E+00,  0.000000E+00,  0.000000E+00,
  2.135417E-01,  4.503654E+01, -9.079629E+01, -5.835474E+01,  1.037724E+00, -5.404155E-01,  8.684486E+00,  0.000000E+00,  0.000000E+00,  0.000000E+00,
  2.145833E-01,  4.504153E+01, -9.089256E+01, -5.790707E+01,  9.865073E-01, -5.209878E-01,  8.599781E+00,  0.000000E+00,  0.000000E+00,  0.000000E+00,
  2.156250E-01,  4.504642E+01, -9.098424E+01, -5.746123E+01,  9.357379E-01, -5.008207E-01,  8.514548E+00,  0.000000E+00,  0.000000E+00,  0.000000E+00,
  2.166667E-01,  4.505121E+01, -9.107134E+01, -5.701725E+01,  8.854189E-01, -4.799347E-01,  8.428809E+00,  0.000000E+00,  0.000000E+00,  0.000000E+00,
  2.177083E-01,  4.505590E+01, -9.115388E+01, -5.657518E+01,  8.355529E-01, -4.583504E-01,  8.342585E+00,  0.000000E+00,  0.000000E+00,  0.000000E+00,
  2.187500E-01,  4.506048E+01, -9.123184E+01, -5.613504E+01,  7.861419E-01, -4.360881E-01,  8.255900E+00,  0.000000E+00,  0.000000E+00,  0.000000E+00,
  2.197917E-01,  4.506496E+01, -9.130525E+01, -5.569686E+01,  7.371876E-01, -4.131683E-01,  8.168774E+00,  0.000000E+00,  0.000000E+00,  0.000000E+00,
  2.208333E-01,  4.506933E+01, -9.137411E+01, -5.526069E+01,  6.886909E-01, -3.896113E-01,  8.081229E+00,  0.000000E+00,  0.000000E+00,  0.000000E+00,
  2.218750E-01,  4.507359E+01, -9.143843E+01, -5.482653E+01,  6.406523E-01, -3.654375E-01,  7.993287E+00,  0.000000E+00,  0.000000E+00,  0.000000E+00,
  2.229167E-01,  4.507773E+01, -9.149821E+01, -5.439443E+01,  5.930717E-01, -3.406671E-01,  7.904969E+00,  0.000000E+00,  0.000000E+00,  0.000000E+00,
  2.239583E-01,  4.508174E+01, -9.155347E+01, -5.396441E+01,  5.459487E-01, -3.153202E-01,  7.816297E+00,  0.000000E+00,  0.000000E+00,  0.000000E+00,
  2.250000E-01,  4.508563E+01, -9.160421E+01, -5.353649E+01,  4.992821E-01, -2.894168E-01,  7.727291E+00,  0.000000E+00,  0.000000E+00,  0.000000E+00,
  2.260417E-01,  4.508937E+01, -9.165044E+01, -5.311070E+01,  4.530706E-01, -2.629767E-01,  7.637973E+00,  0.000000E+00,  0.000000E+00,  0.000000E+00,
  2.270833E-01,  4.509298E+01, -9.169217E+01, -5.268707E+01,  4.073123E-01, -2.360197E-01,  7.548363E+00,  0.000000E+00,  0.000000E+00,  0.000000E+00,
  2.281250E-01,  4.509644E+01, -9.172941E+01, -5.226562E+01,  3.620046E-01, -2.085655E-01,  7.458482E+00,  0.000000E+00,  0.000000E+00,  0.000000E+00,
  2.291667E-01,  4.509973E+01, -9.176217E+01, -5.184637E+01,  3.171450E-01, -1.806333E-01,  7.368352E+00,  0.000000E+00,  0.000000E+00,  0.000000E+00,
  2.302083E-01,  4.510287E+01, -9.179045E+01, -5.142933E+01,  2.727302E-01, -1.522425E-01,  7.277991E+00,  0.000000E+00,  0.000000E+00,  0.000000E+00,
  2.312500E-01,  4.510582E+01, -9.181428E+01, -5.101454E+01,  2.287566E-01, -1.234120E-01,  7.187422E+00,  0.000000E+00,  0.000000E+00,  0.000000E+00,
  2.322917E-01,  4.510859E+01, -9.183366E+01, -5.060201E+01,  1.852204E-01, -9.416086E-02,  7.096663E+00,  0.000000E+00,  0.000000E+00,  0.000000E+00,
  2.333333E-01,  4.511116E+01, -9.184860E+01, -5.019176E+01,  1.421171E-01, -6.450757E-02,  7.005735E+00,  0.000000E+00,  0.000000E+00,  0.000000E+00,
  2.343750E-01,  4.511353E+01, -9.185911E+01, -4.978380E+01,  9.944211E-02, -3.447061E-02,  6.914659E+00,  0.000000E+00,  0.000000E+00,  0.000000E+00,
  2.354167E-01,  4.511568E+01, -9.186521E+01, -4.937815E+01,  5.719054E-02, -4.068202E-03,  6.823453E+00,  0.000000E+00,  0.000000E+00,  0.000000E+00,
  2.364583E-01,  4.511760E+01, -9.186691E+01, -4.897483E+01,  1.535708E-02,  2.668168E-02,  6.732139E+00,  0.000000E+00,  0.000000E+00,  0.000000E+00,
  2.375000E-01,  4.511928E+01, -9.186421E+01, -4.857386E+01, -2.606384E-02,  5.776128E-02,  6.640735E+00,  0.000000E+00,  0.000000E+00,  0.000000E+00,
  2.385417E-01,  4.512071E+01, -9.185714E+01, -4.817524E+01, -6.707806E-02,  8.915310E-02,  6.549261E+00,  0.000000E+00,  0.000000E+00,  0.000000E+00,
  2.395833E-01,  4.512187E+01, -9.184571E+01, -4.777898E+01, -1.076917E-01,  1.208399E-01,  6.457736E+00,  0.000000E+00,  0.000000E+00,  0.000000E+00,
  2.406250E-01,  4.512275E+01, -9.182992E+01, -4.738511E+01, -1.479111E-01,  1.528046E-01,  6.366181E+00,  0.000000E+00,  0.000000E+00,  0.000000E+00,
  2.416667E-01,  4.512334E+01, -9.180979E+01, -4.699363E+01, -1.877428E-01,  1.850306E-01,  6.274614E+00,  0.000000E+00,  0.000000E+00,  0.000000E+00,
  2.427083E-01,  4.512361E+01, -9.178535E+01, -4.660455E+01, -2.271936E-01,  2.175013E-01,  6.183054E+00,  0.000000E+00,  0.000000E+00,  0.000000E+00,
  2.437500E-01,  4.512356E+01, -9.175659E+01, -4.621788E+01, -2.662705E-01,  2.502005E-01,  6.091521E+00,  0.000000E+00,  0.000000E+00,  0.000000E+00,
  2.447917E-01,  4.512318E+01, -9.172354E+01, -4.583363E+01, -3.049806E-01,  2.831122E-01,  6.000033E+00,  0.000000E+00,  0.000000E+00,  0.000000E+00,
  2.458333E-01,  4.512243E+01, -9.168622E+01, -4.545181E+01, -3.433314E-01,  3.162209E-01,  5.908609E+00,  0.000000E+00,  0.000000E+00,  0.000000E+00,
  2.468750E-01,  4.512132E+01, -9.164463E+01, -4.507242E+01, -3.813302E-01,  3.495110E-01,  5.817268E+00,  0.000000E+00,  0.000000E+00,  0.000000E+00,
  2.479167E-01,  4.511982E+01, -9.159879E+01, -4.469547E+01, -4.189847E-01,  3.829676E-01,  5.726029E+00,  0.000000E+00,  0.000000E+00,  0.000000E+00,
  2.489583E-01,  4.511792E+01, -9.154873E+01, -4.432097E+01, -4.563026E-01,  4.165756E-01,  5.634910E+00,  0.000000E+00,  0.000000E+00,  0.000000E+00,
  2.500000E-01,  4.511559E+01, -9.149446E+01, -4.394892E+01, -4.932917E-01,  4.503206E-01,  5.543929E+00,  0.000000E+00,  0.000000E+00,  0.000000E+00,
  2.510417E-01,  4.511282E+01, -9.143599E+01, -4.357933E+01, -5.299601E-01,  4.841883E-01,  5.453104E+00,  0.000000E+00,  0.000000E+00,  0.000000E+00,
  2.520833E-01,  4.510960E+01, -9.137334E+01, -4.321219E+01, -5.663156E-01,  5.181647E-01,  5.362454E+00,  0.000000E+00,  0.000000E+00,  0.000000E+00,
  2.531250E-01,  4.510590E+01, -9.130654E+01, -4.284752E+01, -6.023665E-01,  5.522360E-01,  5.271997E+00,  0.000000E+00,  0.000000E+00,  0.000000E+00,
  2.541667E-01,  4.510170E+01, -9.123559E+01, -4.248531E+01, -6.381207E-01,  5.863888E-01,  5.181751E+00,  0.000000E+00,  0.000000E+00,  0.000000E+00,
  2.552083E-01,  4.509700E+01, -9.116053E+01, -4.212556E+01, -6.735865E-01,  6.206099E-01,  5.091733E+00,  0.000000E+00,  0.000000E+00,  0.000000E+00,
  2.562500E-01,  4.509175E+01, -9.108137E+01, -4.176828E+01, -7.087721E-01,  6.548865E-01,  5.001961E+00,  0.000000E+00,  0.000000E+00,  0.000000E+00,
  2.572917E-01,  4.508596E+01, -9.099812E+01, -4.141347E+01, -7.436857E-01,  6.892060E-01,  4.912452E+00,  0.000000E+00,  0.000000E+00,  0.000000E+00,
  2.583333E-01,  4.507959E+01, -9.091082E+01, -4.106112E+01, -7.783355E-01,  7.235560E-01,  4.823224E+00,  0.000000E+00,  0.000000E+00,  0.000000E+00,
  2.593750E-01,  4.507263E+01, -9.081948E+01, -4.071124E+01, -8.127296E-01,  7.579245E-01,  4.734294E+00,  0.000000E+00,  0.000000E+00,  0.000000E+00,
  2.604167E-01,  4.506506E+01, -9.072412E+01, -4.036382E+01, -8.468764E-01,  7.922997E-01,  4.645679E+00,  0.000000E+00,  0.000000E+00,  0.000000E+00,
  2.614583E-01,  4.505685E+01, -9.062477E+01, -4.001886E+01, -8.807838E-01,  8.266701E-01,  4.557396E+00,  0.000000E+00,  0.000000E+00,  0.000000E+00,
  2.625000E-01,  4.504799E+01, -9.052145E+01, -3.967636E+01, -9.144601E-01,  8.610245E-01,  4.469462E+00,  0.000000E+00,  0.000000E+00,  0.000000E+00,
  2.635417E-01,  4.503845E+01, -9.041417E+01, -3.933631E+01, -9.479132E-01,  8.953518E-01,  4.381893E+00,  0.000000E+00,  0.000000E+00,  0.000000E+00,
  2.645833E-01,  4.502821E+01, -9.030298E+01, -3.899872E+01, -9.811513E-01,  9.296416E-01,  4.294706E+00,  0.000000E+00,  0.000000E+00,  0.000000E+00,
  2.656250E-01,  4.501726E+01, -9.018788E+01, -3.866357E+01, -1.014182E+00,  9.638832E-01,  4.207916E+00,  0.000000E+00,  0.000000E+00,  0.000000E+00,
  2.666667E-01,  4.500556E+01, -9.006891E+01, -3.833086E+01, -1.047013E+00,  9.980665E-01,  4.121541E+00,  0.000000E+00,  0.000000E+00,  0.000000E+00,
  2.677083E-01,  4.499310E+01, -8.994608E+01, -3.800059E+01, -1.079653E+00,  1.032182E+00,  4.035596E+00,  0.000000E+00,  0.000000E+00,  0.000000E+00,
  2.687500E-01,  4.497985E+01, -8.981943E+01, -3.767276E+01, -1.112109E+00,  1.066219E+00,  3.950096E+00,  0.000000E+00,  0.000000E+00,  0.000000E+00,
  2.697917E-01,  4.496580E+01, -8.968898E+01, -3.734735E+01, -1.144388E+00,  1.100169E+00,  3.865058E+00,  0.000000E+00,  0.000000E+00,  0.000000E+00,
  2.708333E-01,  4.495092E+01, -8.955476E+01, -3.702436E+01, -1.176499E+00,  1.134023E+00,  3.780496E+00,  0.000000E+00,  0.000000E+00,  0.000000E+00,
  2.718750E-01,  4.493518E+01, -8.941680E+01, -3.670378E+01, -1.208447E+00,  1.167772E+00,  3.696426E+00,  0.000000E+00,  0.000000E+00,  0.000000E+00,
  2.729167E-01,  4.491857E+01, -8.927512E+01, -3.638560E+01, -1.240242E+00,  1.201406E+00,  3.612862E+00,  0.000000E+00,  0.000000E+00,  0.000000E+00,
  2.739583E-01,  4.490107E+01, -8.912975E+01, -3.606983E+01, -1.271888E+00,  1.234919E+00,  3.529820E+00,  0.000000E+00,  0.000000E+00,  0.000000E+00,
  2.750000E-01,  4.488264E+01, -8.898072E+01, -3.575644E+01, -1.303394E+00,  1.268300E+00,  3.447313E+00,  0.000000E+00,  0.000000E+00,  0.000000E+00,
  2.760417E-01,  4.486327E+01, -8.882806E+01, -3.544544E+01, -1.334767E+00,  1.301544E+00,  3.365357E+00,  0.000000E+00,  0.000000E+00,  0.000000E+00,
  2.770833E-01,  4.484293E+01, -8.867180E+01, -3.513681E+01, -1.366012E+00,  1.334641E+00,  3.283964E+00,  0.000000E+00,  0.000000E+00,  0.000000E+00,
  2.781250E-01,  4.482160E+01, -8.851198E+01, -3.483054E+01, -1.397136E+00,  1.367585E+00,  3.203149E+00,  0.000000E+00,  0.000000E+00,  0.000000E+00,
  2.791667E-01,  4.479927E+01, -8.834861E+01, -3.452663E+01, -1.428146E+00,  1.400368E+00,  3.122926E+00,  0.000000E+00,  0.000000E+00,  0.000000E+00,
  2.802083E-01,  4.477589E+01, -8.818174E+01, -3.422506E+01, -1.459048E+00,  1.432984E+00,  3.043307E+00,  0.000000E+00,  0.000000E+00,  0.000000E+00,
  2.812500E-01,  4.475146E+01, -8.801140E+01, -3.392584E+01, -1.489847E+00,  1.465425E+00,  2.964306E+00,  0.000000E+00,  0.000000E+00,  0.000000E+00,
  2.822917E-01,  4.472595E+01, -8.783761E+01, -3.362894E+01, -1.520550E+00,  1.497685E+00,  2.885935E+00,  0.000000E+00,  0.000000E+00,  0.000000E+00,
  2.833333E-01,  4.469934E+01, -8.766042E+01, -3.333435E+01, -1.551162E+00,  1.529757E+00,  2.808207E+00,  0.000000E+00,  0.000000E+00,  0.000000E+00,
  2.843750E-01,  4.467159E+01, -8.747985E+01, -3.304208E+01, -1.581688E+00,  1.561636E+00,  2.731134E+00,  0.000000E+00,  0.000000E+00,  0.000000E+00,
  2.854167E-01,  4.464270E+01, -8.729594E+01, -3.275210E+01, -1.612134E+00,  1.593315E+00,  2.654728E+00,  0.000000E+00,  0.000000E+00,  0.000000E+00,
  2.864583E-01,  4.461264E+01, -8.710873E+01, -3.246440E+01, -1.642505E+00,  1.624789E+00,  2.579001E+00,  0.000000E+00,  0.000000E+00,  0.000000E+00,
  2.875000E-01,  4.458138E+01, -8.691825E+01, -3.217898E+01, -1.672805E+00,  1.656052E+00,  2.503963E+00,  0.000000E+00,  0.000000E+00,  0.000000E+00,
  2.885417E-01,  4.454890E+01, -8.672454E+01, -3.189583E+01, -1.703040E+00,  1.687100E+00,  2.429627E+00,  0.000000E+00,  0.000000E+00,  0.000000E+00,
  2.895833E-01,  4.451519E+01, -8.652763E+01, -3.161492E+01, -1.733214E+00,  1.717926E+00,  2.356002E+00,  0.000000E+00,  0.000000E+00,  0.000000E+00,
  2.906250E-01,  4.448021E+01, -8.632756E+01, -3.133627E+01, -1.763330E+00,  1.748527E+00,  2.283099E+00,  0.000000E+00,  0.000000E+00,  0.000000E+00,
  2.916667E-01,  4.444394E+01, -8.612437E+01, -3.105984E+01, -1.793394E+00,  1.778896E+00,  2.210928E+00,  0.000000E+00,  0.000000E+00,  0.000000E+00,
  2.927083E-01,  4.440637E+01, -8.591809E+01, -3.078563E+01, -1.823410E+00,  1.809031E+00,  2.139500E+00,  0.000000E+00,  0.000000E+00,  0.000000E+00,
  2.937500E-01,  4.436747E+01, -8.570877E+01, -3.051363E+01, -1.853380E+00,  1.838926E+00,  2.068822E+00,  0.000000E+00,  0.000000E+00,  0.000000E+00,
  2.947917E-01,  4.432723E+01, -8.549644E+01, -3.024383E+01, -1.883308E+00,  1.868577E+00,  1.998905E+00,  0.000000E+00,  0.000000E+00,  0.000000E+00,
  2.958333E-01,  4.428561E+01, -8.528115E+01, -2.997621E+01, -1.913199E+00,  1.897981E+00,  1.929757E+00,  0.000000E+00,  0.000000E+00,  0.000000E+00,
  2.968750E-01,  4.424259E+01, -8.506292E+01, -2.971077E+01, -1.943054E+00,  1.927134E+00,  1.861386E+00,  0.000000E+00,  0.000000E+00,  0.000000E+00,
  2.979167E-01,  4.419816E+01, -8.484181E+01, -2.944749E+01, -1.972877E+00,  1.956031E+00,  1.793801E+00,  0.000000E+00,  0.000000E+00,  0.000000E+00,
  2.989583E-01,  4.415230E+01, -8.461785E+01, -2.918636E+01, -2.002670E+00,  1.984671E+00,  1.727008E+00,  0.000000E+00,  0.000000E+00,  0.000000E+00,
  3.000000E-01,  4.410498E+01, -8.439109E+01, -2.892737E+01, -2.032437E+00,  2.013048E+00,  1.661016E+00,  0.000000E+00,  0.000000E+00,  0.000000E+00,
  3.010417E-01,  4.405619E+01, -8.416156E+01, -2.867051E+01, -2.062179E+00,  2.041162E+00,  1.595832E+00,  0.000000E+00,  0.000000E+00,  0.000000E+00,
  3.020833E-01,  4.400590E+01, -8.392931E+01, -2.841576E+01, -2.091899E+00,  2.069008E+00,  1.531461E+00,  0.000000E+00,  0.000000E+00,  0.000000E+00,
  3.031250E-01,  4.395409E+01, -8.369438E+01, -2.816312E+01, -2.121599E+00,  2.096584E+00,  1.467911E+00,  0.000000E+00,  0.000000E+00,  0.000000E+00,
  3.041667E-01,  4.390074E+01, -8.345681E+01, -2.791258E+01, -2.151280E+00,  2.123887E+00,  1.405186E+00,  0.000000E+00,  0.000000E+00,  0.000000E+00,
  3.052083E-01,  4.384584E+01, -8.321665E+01, -2.766411E+01, -2.180944E+00,  2.150915E+00,  1.343292E+00,  0.000000E+00,  0.000000E+00,  0.000000E+00,
  3.062500E-01,  4.378937E+01, -8.297393E+01, -2.741772E+01, -2.210593E+00,  2.177667E+00,  1.282234E+00,  0.000000E+00,  0.000000E+00,  0.000000E+00,
  3.072917E-01,  4.373130E+01, -8.272871E+01, -2.717339E+01, -2.240227E+00,  2.204139E+00,  1.222018E+00,  0.000000E+00,  0.000000E+00,  0.000000E+00,
  3.083333E-01,  4.367163E+01, -8.248102E+01, -2.693110E+01, -2.269848E+00,  2.230330E+00,  1.162646E+00,  0.000000E+00,  0.000000E+00,  0.000000E+00,
  3.093750E-01,  4.361032E+01, -8.223092E+01, -2.669085E+01, -2.299457E+00,  2.256238E+00,  1.104123E+00,  0.000000E+00,  0.000000E+00,  0.000000E+00,
  3.104167E-01,  4.354736E+01, -8.197843E+01, -2.645263E+01, -2.329054E+00,  2.281862E+00,  1.046453E+00,  0.000000E+00,  0.000000E+00,  0.000000E+00,
  3.114583E-01,  4.348274E+01, -8.172362E+01, -2.621642E+01, -2.358640E+00,  2.307201E+00,  9.896380E-01,  0.000000E+00,  0.000000E+00,  0.000000E+00,
  3.125000E-01,  4.341644E+01, -8.146652E+01, -2.598222E+01, -2.388216E+00,  2.332253E+00,  9.336809E-01,  0.000000E+00,  0.000000E+00,  0.000000E+00,
  3.135417E-01,  4.334844E+01, -8.120718E+01, -2.575001E+01, -2.417781E+00,  2.357016E+00,  8.785841E-01,  0.000000E+00,  0.000000E+00,  0.000000E+00,
  3.145833E-01,  4.327872E+01, -8.094564E+01, -2.551978E+01, -2.447335E+00,  2.381491E+00,  8.243493E-01,  0.000000E+00,  0.000000E+00,  0.000000E+00,
  3.156250E-01,  4.320727E+01, -8.068195E+01, -2.529153E+01, -2.476879E+00,  2.405677E+00,  7.709780E-01,  0.000000E+00,  0.000000E+00,  0.000000E+00,
  3.166667E-01,  4.313408E+01, -8.041615E+01, -2.506523E+01, -2.506412E+00,  2.429572E+00,  7.184712E-01,  0.000000E+00,  0.000000E+00,  0.000000E+00,
  3.177083E-01,  4.305912E+01, -8.014830E+01, -2.484089E+01, -2.535934E+00,  2.453177E+00,  6.668295E-01,  0.000000E+00,  0.000000E+00,  0.000000E+00,
  3.187500E-01,  4.298239E+01, -7.987843E+01, -2.461849E+01, -2.565443E+00,  2.476491E+00,  6.160531E-01,  0.000000E+00,  0.000000E+00,  0.000000E+00,
  3.197917E-01,  4.290387E+01, -7.960659E+01, -2.439802E+01, -2.594940E+00,  2.499513E+00,  5.661419E-01,  0.000000E+00,  0.000000E+00,  0.000000E+00,
  3.208333E-01,  4.282354E+01, -7.933283E+01, -2.417947E+01, -2.624424E+00,  2.522245E+00,  5.170952E-01,  0.000000E+00,  0.000000E+00,  0.000000E+00,
  3.218750E-01,  4.274140E+01, -7.905719E+01, -2.396283E+01, -2.653892E+00,  2.544686E+00,  4.689121E-01,  0.000000E+00,  0.000000E+00,  0.000000E+00,
  3.229167E-01,  4.265743E+01, -7.877972E+01, -2.374809E+01, -2.683345E+00,  2.566835E+00,  4.215913E-01,  0.000000E+00,  0.000000E+00,  0.000000E+00,
  3.239583E-01,  4.257161E+01, -7.850046E+01, -2.353525E+01, -2.712781E+00,  2.588695E+00,  3.751309E-01,  0.000000E+00,  0.000000E+00,  0.000000E+00,
  3.250000E-01,  4.248393E+01, -7.821946E+01, -2.332428E+01, -2.742198E+00,  2.610265E+00,  3.295288E-01,  0.000000E+00,  0.000000E+00,  0.000000E+00,
  3.260417E-01,  4.239439E+01, -7.793677E+01, -2.311519E+01, -2.771595E+00,  2.631546E+00,  2.847824E-01,  0.000000E+00,  0.000000E+00,  0.000000E+00,
  3.270833E-01,  4.230297E+01, -7.765243E+01, -2.290796E+01, -2.800971E+00,  2.652539E+00,  2.408889E-01,  0.000000E+00,  0.000000E+00,  0.000000E+00,
  3.281250E-01,  4.220966E+01, -7.736648E+01, -2.270259E+01, -2.830322E+00,  2.673244E+00,  1.978449E-01,  0.000000E+00,  0.000000E+00,  0.000000E+00,
  3.291667E-01,  4.211445E+01, -7.707897E+01, -2.249906E+01, -2.859648E+00,  2.693663E+00,  1.556467E-01,  0.000000E+00,  0.000000E+00,  0.000000E+00,
  3.302083E-01,  4.201733E+01, -7.678995E+01, -2.229737E+01, -2.888947E+00,  2.713797E+00,  1.142903E-01,  0.000000E+00,  0.000000E+00,  0.000000E+00,
  3.312500E-01,  4.191830E+01, -7.649947E+01, -2.209751E+01, -2.918215E+00,  2.733648E+00,  7.377132E-02,  0.000000E+00,  0.000000E+00,  0.000000E+00,
  3.322917E-01,  4.181733E+01, -7.620755E+01, -2.189947E+01, -2.947452E+00,  2.753217E+00,  3.408493E-02,  0.000000E+00,  0.000000E+00,  0.000000E+00,
  3.333333E-01,  4.171443E+01, -7.591426E+01, -2.170324E+01, -2.976654E+00,  2.772505E+00, -4.773987E-03,  0.000000E+00,  0.000000E+00,  0.000000E+00,
  3.343750E-01,  4.160959E+01, -7.561963E+01, -2.150881E+01, -3.005819E+00,  2.791514E+00, -4.281089E-02,  0.000000E+00,  0.000000E+00,  0.000000E+00,
  3.354167E-01,  4.150279E+01, -7.532371E+01, -2.131618E+01, -3.034945E+00,  2.810247E+00, -8.003159E-02,  0.000000E+00,  0.000000E+00,  0.000000E+00,
  3.364583E-01,  4.139404E+01, -7.502654E+01, -2.112534E+01, -3.064029E+00,  2.828704E+00, -1.164422E-01,  0.000000E+00,  0.000000E+00,  0.000000E+00,
  3.375000E-01,  4.128332E+01, -7.472817E+01, -2.093627E+01, -3.093067E+00,  2.846889E+00, -1.520493E-01,  0.000000E+00,  0.000000E+00,  0.000000E+00,
  3.385417E-01,  4.117063E+01, -7.442863E+01, -2.074898E+01, -3.122059E+00,  2.864803E+00, -1.868596E-01,  0.000000E+00,  0.000000E+00,  0.000000E+00,
  3.395833E-01,  4.105597E+01, -7.412797E+01, -2.056346E+01, -3.150999E+00,  2.882450E+00, -2.208801E-01,  0.000000E+00,  0.000000E+00,  0.000000E+00,
  3.406250E-01,  4.093933E+01, -7.382624E+01, -2.037969E+01, -3.179886E+00,  2.899830E+00, -2.541184E-01,  0.000000E+00,  0.000000E+00,  0.000000E+00,
  3.416667E-01,  4.082070E+01, -7.352346E+01, -2.019767E+01, -3.208717E+00,  2.916947E+00, -2.865821E-01,  0.000000E+00,  0.000000E+00,  0.000000E+00,
  3.427083E-01,  4.070008E+01, -7.321970E+01, -2.001740E+01, -3.237488E+00,  2.933804E+00, -3.182792E-01,  0.000000E+00,  0.000000E+00,  0.000000E+00,
  3.437500E-01,  4.057747E+01, -7.291498E+01, -1.983886E+01, -3.266195E+00,  2.950403E+00, -3.492180E-01,  0.000000E+00,  0.000000E+00,  0.000000E+00,
  3.447917E-01,  4.045287E+01, -7.260934E+01, -1.966205E+01, -3.294837E+00,  2.966747E+00, -3.794069E-01,  0.000000E+00,  0.000000E+00,  0.000000E+00,
  3.458333E-01,  4.032626E+01, -7.230284E+01, -1.948696E+01, -3.323409E+00,  2.982840E+00, -4.088548E-01,  0.000000E+00,  0.000000E+00,  0.000000E+00,
  3.468750E-01,  4.019766E+01, -7.199549E+01, -1.931360E+01, -3.351909E+00,  2.998684E+00, -4.375706E-01,  0.000000E+00,  0.000000E+00,  0.000000E+00,
  3.479167E-01,  4.006706E+01, -7.168736E+01, -1.914194E+01, -3.380332E+00,  3.014282E+00, -4.655638E-01,  0.000000E+00,  0.000000E+00,  0.000000E+00,
  3.489583E-01,  3.993446E+01, -7.137846E+01, -1.897198E+01, -3.408676E+00,  3.029639E+00, -4.928437E-01,  0.000000E+00,  0.000000E+00,  0.000000E+00,
  3.500000E-01,  3.979985E+01, -7.106885E+01, -1.880373E+01, -3.436936E+00,  3.044757E+00, -5.194201E-01,  0.000000E+00,  0.000000E+00,  0.000000E+00,
  3.510417E-01,  3.966325E+01, -7.075855E+01, -1.863716E+01, -3.465110E+00,  3.059639E+00, -5.453029E-01,  0.000000E+00,  0.000000E+00,  0.000000E+00,
  3.520833E-01,  3.952464E+01, -7.044760E+01, -1.847229E+01, -3.493194E+00,  3.074291E+00, -5.705022E-01,  0.000000E+00,  0.000000E+00,  0.000000E+00,
  3.531250E-01,  3.938403E+01, -7.013605E+01, -1.830909E+01, -3.521183E+00,  3.088714E+00, -5.950284E-01,  0.000000E+00,  0.000000E+00,  0.000000E+00,
  3.541667E-01,  3.924143E+01, -6.982392E+01, -1.814757E+01, -3.549076E+00,  3.102913E+00, -6.188918E-01,  0.000000E+00,  0.000000E+00,  0.000000E+00,
  3.552083E-01,  3.909683E+01, -6.951125E+01, -1.798771E+01, -3.576867E+00,  3.116893E+00, -6.421032E-01,  0.000000E+00,  0.000000E+00,  0.000000E+00,
  3.562500E-01,  3.895024E+01, -6.919807E+01, -1.782952E+01, -3.604553E+00,  3.130656E+00, -6.646733E-01,  0.000000E+00,  0.000000E+00,  0.000000E+00,
  3.572917E-01,  3.880165E+01, -6.888442E+01, -1.767299E+01, -3.632131E+00,  3.144207E+00, -6.866131E-01,  0.000000E+00,  0.000000E+00,  0.000000E+00,
  3.583333E-01,  3.865108E+01, -6.857033E+01, -1.751811E+01, -3.659597E+00,  3.157550E+00, -7.079336E-01,  0.000000E+00,  0.000000E+00,  0.000000E+00,
  3.593750E-01,  3.849853E+01, -6.825583E+01, -1.736488E+01, -3.686947E+00,  3.170689E+00, -7.286459E-01,  0.000000E+00,  0.000000E+00,  0.000000E+00,
  3.604167E-01,  3.834400E+01, -6.794096E+01, -1.721330E+01, -3.714177E+00,  3.183628E+00, -7.487615E-01,  0.000000E+00,  0.000000E+00,  0.000000E+00,
  3.614583E-01,  3.818750E+01, -6.762573E+01, -1.706335E+01, -3.741284E+00,  3.196373E+00, -7.682916E-01,  0.000000E+00,  0.000000E+00,  0.000000E+00,
  3.625000E-01,  3.802904E+01, -6.731019E+01, -1.691504E+01, -3.768263E+00,  3.208927E+00, -7.872476E-01,  0.000000E+00,  0.000000E+00,  0.000000E+00,
  3.635417E-01,  3.786861E+01, -6.699436E+01, -1.676835E+01, -3.795112E+00,  3.221294E+00, -8.056412E-01,  0.000000E+00,  0.000000E+00,  0.000000E+00,
  3.645833E-01,  3.770623E+01, -6.667827E+01, -1.662329E+01, -3.821827E+00,  3.233480E+00, -8.234838E-01,  0.000000E+00,  0.000000E+00,  0.000000E+00,
  3.656250E-01,  3.754190E+01, -6.636195E+01, -1.647985E+01, -3.848403E+00,  3.245488E+00, -8.407872E-01,  0.000000E+00,  0.000000E+00,  0.000000E+00,
  3.666667E-01,  3.737563E+01, -6.604542E+01, -1.633802E+01, -3.874837E+00,  3.257325E+00, -8.575629E-01,  0.000000E+00,  0.000000E+00,  0.000000E+00,
  3.677083E-01,  3.720743E+01, -6.572871E+01, -1.619781E+01, -3.901125E+00,  3.268993E+00, -8.738227E-01,  0.000000E+00,  0.000000E+00,  0.000000E+00,
  3.687500E-01,  3.703730E+01, -6.541185E+01, -1.605920E+01, -3.927264E+00,  3.280498E+00, -8.895782E-01,  0.000000E+00,  0.000000E+00,  0.000000E+00,
  3.697917E-01,  3.686526E+01, -6.509485E+01, -1.592219E+01, -3.953251E+00,  3.291846E+00, -9.048412E-01,  0.000000E+00,  0.000000E+00,  0.000000E+00,
  3.708333E-01,  3.669132E+01, -6.477775E+01, -1.578678E+01, -3.979080E+00,  3.303040E+00, -9.196232E-01,  0.000000E+00,  0.000000E+00,  0.000000E+00,
  3.718750E-01,  3.651548E+01, -6.446057E+01, -1.565297E+01, -4.004749E+00,  3.314085E+00, -9.339359E-01,  0.000000E+00,  0.000000E+00,  0.000000E+00,
  3.729167E-01,  3.633775E+01, -6.414332E+01, -1.552075E+01, -4.030255E+00,  3.324987E+00, -9.477911E-01,  0.000000E+00,  0.000000E+00,  0.000000E+00,
  3.739583E-01,  3.615815E+01, -6.382603E+01, -1.539011E+01, -4.055593E+00,  3.335750E+00, -9.612002E-01,  0.000000E+00,  0.000000E+00,  0.000000E+00,
  3.750000E-01,  3.597669E+01, -6.350872E+01, -1.526105E+01, -4.080760E+00,  3.346380E+00, -9.741747E-01,  0.000000E+00,  0.000000E+00,  0.000000E+00,
  3.760417E-01,  3.579337E+01, -6.319141E+01, -1.513358E+01, -4.105752E+00,  3.356882E+00, -9.867261E-01,  0.000000E+00,  0.000000E+00,  0.000000E+00,
  3.770833E-01,  3.560821E+01, -6.287412E+01, -1.500767E+01, -4.130567E+00,  3.367260E+00, -9.988657E-01,  0.000000E+00,  0.000000E+00,  0.000000E+00,
  3.781250E-01,  3.542122E+01, -6.255687E+01, -1.488334E+01, -4.155201E+00,  3.377519E+00, -1.010605E+00,  0.000000E+00,  0.000000E+00,  0.000000E+00,
  3.791667E-01,  3.523242E+01, -6.223966E+01, -1.476058E+01, -4.179650E+00,  3.387665E+00, -1.021955E+00,  0.000000E+00,  0.000000E+00,  0.000000E+00,
  3.802083E-01,  3.504181E+01, -6.192253E+01, -1.463938E+01, -4.203911E+00,  3.397704E+00, -1.032927E+00,  0.000000E+00,  0.000000E+00,  0.000000E+00,
  3.812500E-01,  3.484941E+01, -6.160549E+01, -1.451974E+01, -4.227981E+00,  3.407638E+00, -1.043531E+00,  0.000000E+00,  0.000000E+00,  0.000000E+00,
  3.822917E-01,  3.465523E+01, -6.128854E+01, -1.440166E+01, -4.251856E+00,  3.417475E+00, -1.053779E+00,  0.000000E+00,  0.000000E+00,  0.000000E+00,
  3.833333E-01,  3.445929E+01, -6.097171E+01, -1.428514E+01, -4.275534E+00,  3.427219E+00, -1.063681E+00,  0.000000E+00,  0.000000E+00,  0.000000E+00,
  3.843750E-01,  3.426161E+01, -6.065500E+01, -1.417016E+01, -4.299011E+00,  3.436876E+00, -1.073248E+00,  0.000000E+00,  0.000000E+00,  0.000000E+00,
  3.854167E-01,  3.406219E+01, -6.033844E+01, -1.405673E+01, -4.322285E+00,  3.446449E+00, -1.082491E+00,  0.000000E+00,  0.000000E+00,  0.000000E+00,
  3.864583E-01,  3.386105E+01, -6.002202E+01, -1.394484E+01, -4.345351E+00,  3.455945E+00, -1.091418E+00,  0.000000E+00,  0.000000E+00,  0.000000E+00,
  3.875000E-01,  3.365820E+01, -5.970577E+01, -1.383450E+01, -4.368208E+00,  3.465368E+00, -1.100041E+00,  0.000000E+00,  0.000000E+00,  0.000000E+00,
  3.885417E-01,  3.345367E+01, -5.938969E+01, -1.372569E+01, -4.390852E+00,  3.474724E+00, -1.108370E+00,  0.000000E+00,  0.000000E+00,  0.000000E+00,
  3.895833E-01,  3.324747E+01, -5.907379E+01, -1.361841E+01, -4.413281E+00,  3.484018E+00, -1.116414E+00,  0.000000E+00,  0.000000E+00,  0.000000E+00,
  3.906250E-01,  3.303961E+01, -5.875809E+01, -1.351266E+01, -4.435492E+00,  3.493254E+00, -1.124182E+00,  0.000000E+00,  0.000000E+00,  0.000000E+00,
  3.916667E-01,  3.283011E+01, -5.844258E+01, -1.340845E+01, -4.457482E+00,  3.502438E+00, -1.131684E+00,  0.000000E+00,  0.000000E+00,  0.000000E+00,
  3.927083E-01,  3.261899E+01, -5.812728E+01, -1.330575E+01, -4.479249E+00,  3.511574E+00, -1.138929E+00,  0.000000E+00,  0.000000E+00,  0.000000E+00,
  3.937500E-01,  3.240627E+01, -5.781219E+01, -1.320458E+01, -4.500789E+00,  3.520668E+00, -1.145926E+00,  0.000000E+00,  0.000000E+00,  0.000000E+00,
  3.947917E-01,  3.219196E+01, -5.749732E+01, -1.310493E+01, -4.522101E+00,  3.529724E+00, -1.152683E+00,  0.000000E+00,  0.000000E+00,  0.000000E+00,
  3.958333E-01,  3.197608E+01, -5.718267E+01, -1.300679E+01, -4.543183E+00,  3.538747E+00, -1.159210E+00,  0.000000E+00,  0.000000E+00,  0.000000E+00,
  3.968750E-01,  3.175865E+01, -5.686824E+01, -1.291016E+01, -4.564031E+00,  3.547743E+00, -1.165513E+00,  0.000000E+00,  0.000000E+00,  0.000000E+00,
  3.979167E-01,  3.153968E+01, -5.655405E+01, -1.281504E+01, -4.584643E+00,  3.556715E+00, -1.171603E+00,  0.000000E+00,  0.000000E+00,  0.000000E+00,
  3.989583E-01,  3.131920E+01, -5.624009E+01, -1.272143E+01, -4.605019E+00,  3.565668E+00, -1.177485E+00,  0.000000E+00,  0.000000E+00,  0.000000E+00,
  4.000000E-01,  3.109722E+01, -5.592637E+01, -1.262932E+01, -4.625154E+00,  3.574607E+00, -1.183168E+00,  0.000000E+00,  0.000000E+00,  0.000000E+00,
  4.010417E-01,  3.087377E+01, -5.561289E+01, -1.253871E+01, -4.645048E+00,  3.583537E+00, -1.188658E+00,  0.000000E+00,  0.000000E+00,  0.000000E+00,
  4.020833E-01,  3.064886E+01, -5.529964E+01, -1.244960E+01, -4.664698E+00,  3.592462E+00, -1.193964E+00,  0.000000E+00,  0.000000E+00,  0.000000E+00,
  4.031250E-01,  3.042251E+01, -5.498663E+01, -1.236198E+01, -4.684103E+00,  3.601386E+00, -1.199092E+00,  0.000000E+00,  0.000000E+00,  0.000000E+00,
  4.041667E-01,  3.019474E+01, -5.467386E+01, -1.227585E+01, -4.703261E+00,  3.610314E+00, -1.204048E+00,  0.000000E+00,  0.000000E+00,  0.000000E+00,
  4.052083E-01,  2.996557E+01, -5.436133E+01, -1.219121E+01, -4.722170E+00,  3.619250E+00, -1.208839E+00,  0.000000E+00,  0.000000E+00,  0.000000E+00,
  4.062500E-01,  2.973502E+01, -5.404903E+01, -1.210806E+01, -4.740829E+00,  3.628198E+00, -1.213471E+00,  0.000000E+00,  0.000000E+00,  0.000000E+00,
  4.072917E-01,  2.950311E+01, -5.373697E+01, -1.202638E+01, -4.759235E+00,  3.637163E+00, -1.217949E+00,  0.000000E+00,  0.000000E+00,  0.000000E+00,
  4.083333E-01,  2.926986E+01, -5.342513E+01, -1.194619E+01, -4.777389E+00,  3.646147E+00, -1.222280E+00,  0.000000E+00,  0.000000E+00,  0.000000E+00,
  4.093750E-01,  2.903530E+01, -5.311353E+01, -1.186747E+01, -4.795287E+00,  3.655157E+00, -1.226469E+00,  0.000000E+00,  0.000000E+00,  0.000000E+00,
  4.104167E-01,  2.879943E+01, -5.280215E+01, -1.179022E+01, -4.812930E+00,  3.664194E+00, -1.230520E+00,  0.000000E+00,  0.000000E+00,  0.000000E+00,
  4.114583E-01,  2.856229E+01, -5.249099E+01, -1.171444E+01, -4.830316E+00,  3.673263E+00, -1.234439E+00,  0.000000E+00,  0.000000E+00,  0.000000E+00,
  4.125000E-01,  2.832390E+01, -5.218004E+01, -1.164013E+01, -4.847444E+00,  3.682367E+00, -1.238231E+00,  0.000000E+00,  0.000000E+00,  0.000000E+00,
  4.135417E-01,  2.808426E+01, -5.186930E+01, -1.156728E+01, -4.864312E+00,  3.691510E+00, -1.241899E+00,  0.000000E+00,  0.000000E+00,  0.000000E+00,
  4.145833E-01,  2.784342E+01, -5.155877E+01, -1.149590E+01, -4.880921E+00,  3.700696E+00, -1.245448E+00,  0.000000E+00,  0.000000E+00,  0.000000E+00,
  4.156250E-01,  2.760138E+01, -5.124843E+01, -1.142597E+01, -4.897269E+00,  3.709927E+00, -1.248882E+00,  0.000000E+00,  0.000000E+00,  0.000000E+00,
  4.166667E-01,  2.735817E+01, -5.093828E+01, -1.135749E+01, -4.913355E+00,  3.719208E+00, -1.252205E+00,  0.000000E+00,  0.000000E+00,  0.000000E+00,
  4.177083E-01,  2.711381E+01, -5.062832E+01, -1.129046E+01, -4.929180E+00,  3.728540E+00, -1.255419E+00,  0.000000E+00,  0.000000E+00,  0.000000E+00,
  4.187500E-01,  2.686832E+01, -5.031853E+01, -1.122489E+01, -4.944742E+00,  3.737927E+00, -1.258529E+00,  0.000000E+00,  0.000000E+00,  0.000000E+00,
  4.197917E-01,  2.662173E+01, -5.000890E+01, -1.116075E+01, -4.960041E+00,  3.747371E+00, -1.261538E+00,  0.000000E+00,  0.000000E+00,  0.000000E+00,
  4.208333E-01,  2.637405E+01, -4.969944E+01, -1.109806E+01, -4.975076E+00,  3.756877E+00, -1.264447E+00,  0.000000E+00,  0.000000E+00,  0.000000E+00,
  4.218750E-01,  2.612530E+01, -4.939013E+01, -1.103681E+01, -4.989848E+00,  3.766445E+00, -1.267260E+00,  0.000000E+00,  0.000000E+00,  0.000000E+00,
  4.229167E-01,  2.587552E+01, -4.908095E+01, -1.097699E+01, -5.004356E+00,  3.776078E+00, -1.269979E+00,  0.000000E+00,  0.000000E+00,  0.000000E+00,
  4.239583E-01,  2.562472E+01, -4.877191E+01, -1.091860E+01, -5.018601E+00,  3.785780E+00, -1.272607E+00,  0.000000E+00,  0.000000E+00,  0.000000E+00,
  4.250000E-01,  2.537291E+01, -4.846299E+01, -1.086164E+01, -5.032581E+00,  3.795551E+00, -1.275145E+00,  0.000000E+00,  0.000000E+00,  0.000000E+00,
  4.260417E-01,  2.512014E+01, -4.815418E+01, -1.080610E+01, -5.046298E+00,  3.805395E+00, -1.277595E+00,  0.000000E+00,  0.000000E+00,  0.000000E+00,
  4.270833E-01,  2.486641E+01, -4.784546E+01, -1.075199E+01, -5.059752E+00,  3.815313E+00, -1.279960E+00,  0.000000E+00,  0.000000E+00,  0.000000E+00,
  4.281250E-01,  2.461175E+01, -4.753684E+01, -1.069930E+01, -5.072942E+00,  3.825306E+00, -1.282239E+00,  0.000000E+00,  0.000000E+00,  0.000000E+00,
  4.291667E-01,  2.435618E+01, -4.722830E+01, -1.064802E+01, -5.085869E+00,  3.835377E+00, -1.284435E+00,  0.000000E+00,  0.000000E+00,  0.000000E+00,
  4.302083E-01,  2.409972E+01, -4.691982E+01, -1.059815E+01, -5.098534E+00,  3.845527E+00, -1.286549E+00,  0.000000E+00,  0.000000E+00,  0.000000E+00,
  4.312500E-01,  2.384240E+01, -4.661139E+01, -1.054969E+01, -5.110937E+00,  3.855757E+00, -1.288582E+00,  0.000000E+00,  0.000000E+00,  0.000000E+00,
  4.322917E-01,  2.358423E+01, -4.630301E+01, -1.050264E+01, -5.123079E+00,  3.866069E+00, -1.290534E+00,  0.000000E+00,  0.000000E+00,  0.000000E+00,
  4.333333E-01,  2.332525E+01, -4.599466E+01, -1.045698E+01, -5.134960E+00,  3.876464E+00, -1.292407E+00,  0.000000E+00,  0.000000E+00,  0.000000E+00,
  4.343750E-01,  2.306546E+01, -4.568633E+01, -1.041273E+01, -5.146581E+00,  3.886942E+00, -1.294200E+00,  0.000000E+00,  0.000000E+00,  0.000000E+00,
  4.354167E-01,  2.280490E+01, -4.537800E+01, -1.036987E+01, -5.157944E+00,  3.897505E+00, -1.295916E+00,  0.000000E+00,  0.000000E+00,  0.000000E+00,
  4.364583E-01,  2.254358E+01, -4.506966E+01, -1.032840E+01, -5.169048E+00,  3.908153E+00, -1.297552E+00,  0.000000E+00,  0.000000E+00,  0.000000E+00,
  4.375000E-01,  2.228153E+01, -4.476131E+01, -1.028832E+01, -5.179895E+00,  3.918886E+00, -1.299111E+00,  0.000000E+00,  0.000000E+00,  0.000000E+00,
  4.385417E-01,  2.201877E+01, -4.445292E+01, -1.024963E+01, -5.190487E+00,  3.929705E+00, -1.300592E+00,  0.000000E+00,  0.000000E+00,  0.000000E+00,
  4.395833E-01,  2.175533E+01, -4.414448E+01, -1.021232E+01, -5.200824E+00,  3.940611E+00, -1.301996E+00,  0.000000E+00,  0.000000E+00,  0.000000E+00,
  4.406250E-01,  2.149121E+01, -4.383598E+01, -1.017638E+01, -5.210907E+00,  3.951603E+00, -1.303321E+00,  0.000000E+00,  0.000000E+00,  0.000000E+00,
  4.416667E-01,  2.122645E+01, -4.352741E+01, -1.014182E+01, -5.220738E+00,  3.962681E+00, -1.304569E+00,  0.000000E+00,  0.000000E+00,  0.000000E+00,
  4.427083E-01,  2.096107E+01, -4.321875E+01, -1.010863E+01, -5.230318E+00,  3.973845E+00, -1.305738E+00,  0.000000E+00,  0.000000E+00,  0.000000E+00,
  4.437500E-01,  2.069508E+01, -4.290999E+01, -1.007681E+01, -5.239649E+00,  3.985095E+00, -1.306829E+00,  0.000000E+00,  0.000000E+00,  0.000000E+00,
  4.447917E-01,  2.042851E+01, -4.260111E+01, -1.004635E+01, -5.248733E+00,  3.996430E+00, -1.307842E+00,  0.000000E+00,  0.000000E+00,  0.000000E+00,
  4.458333E-01,  2.016139E+01, -4.229211E+01, -1.001726E+01, -5.257570E+00,  4.007850E+00, -1.308776E+00,  0.000000E+00,  0.000000E+00,  0.000000E+00,
  4.468750E-01,  1.989373E+01, -4.198296E+01, -9.989522E+00, -5.266162E+00,  4.019353E+00, -1.309631E+00,  0.000000E+00,  0.000000E+00,  0.000000E+00,
  4.479167E-01,  1.962555E+01, -4.167365E+01, -9.963139E+00, -5.274512E+00,  4.030938E+00, -1.310406E+00,  0.000000E+00,  0.000000E+00,  0.000000E+00,
  4.489583E-01,  1.935688E+01, -4.136418E+01, -9.938109E+00, -5.282620E+00,  4.042606E+00, -1.311101E+00,  0.000000E+00,  0.000000E+00,  0.000000E+00,
  4.500000E-01,  1.908773E+01, -4.105451E+01, -9.914427E+00, -5.290490E+00,  4.054354E+00, -1.311715E+00,  0.000000E+00,  0.000000E+00,  0.000000E+00,
  4.510417E-01,  1.881814E+01, -4.074465E+01, -9.892090E+00, -5.298122E+00,  4.066181E+00, -1.312250E+00,  0.000000E+00,  0.000000E+00,  0.000000E+00,
  4.520833E-01,  1.854811E+01, -4.043458E+01, -9.871096E+00, -5.305518E+00,  4.078085E+00, -1.312702E+00,  0.000000E+00,  0.000000E+00,  0.000000E+00,
  4.531250E-01,  1.827767E+01, -4.012428E+01, -9.851441E+00, -5.312682E+00,  4.090066E+00, -1.313074E+00,  0.000000E+00,  0.000000E+00,  0.000000E+00,
  4.541667E-01,  1.800684E+01, -3.981373E+01, -9.833122E+00, -5.319614E+00,  4.102121E+00, -1.313364E+00,  0.000000E+00,  0.000000E+00,  0.000000E+00,
  4.552083E-01,  1.773564E+01, -3.950294E+01, -9.816137E+00, -5.326317E+00,  4.114248E+00, -1.313571E+00,  0.000000E+00,  0.000000E+00,  0.000000E+00,
  4.562500E-01,  1.746410E+01, -3.919187E+01, -9.800483E+00, -5.332793E+00,  4.126445E+00, -1.313696E+00,  0.000000E+00,  0.000000E+00,  0.000000E+00,
  4.572917E-01,  1.719223E+01, -3.888052E+01, -9.786156E+00, -5.339044E+00,  4.138710E+00, -1.313739E+00,  0.000000E+00,  0.000000E+00,  0.000000E+00,
  4.583333E-01,  1.692005E+01, -3.856887E+01, -9.773155E+00, -5.345072E+00,  4.151041E+00, -1.313699E+00,  0.000000E+00,  0.000000E+00,  0.000000E+00,
  4.593750E-01,  1.664758E+01, -3.825691E+01, -9.761476E+00, -5.350880E+00,  4.163435E+00, -1.313576E+00,  0.000000E+00,  0.000000E+00,  0.000000E+00,
  4.604167E-01,  1.637485E+01, -3.794463E+01, -9.751117E+00, -5.356470E+00,  4.175891E+00, -1.313369E+00,  0.000000E+00,  0.000000E+00,  0.000000E+00,
  4.614583E-01,  1.610187E+01, -3.763201E+01, -9.742076E+00, -5.361845E+00,  4.188404E+00, -1.313080E+00,  0.000000E+00,  0.000000E+00,  0.000000E+00,
  4.625000E-01,  1.582866E+01, -3.731904E+01, -9.734350E+00, -5.367006E+00,  4.200973E+00, -1.312708E+00,  0.000000E+00,  0.000000E+00,  0.000000E+00,
  4.635417E-01,  1.555525E+01, -3.700571E+01, -9.727937E+00, -5.371957E+00,  4.213594E+00, -1.312253E+00,  0.000000E+00,  0.000000E+00,  0.000000E+00,
  4.645833E-01,  1.528164E+01, -3.669199E+01, -9.722835E+00, -5.376700E+00,  4.226265E+00, -1.311716E+00,  0.000000E+00,  0.000000E+00,  0.000000E+00,
  4.656250E-01,  1.500787E+01, -3.637789E+01, -9.719042E+00, -5.381237E+00,  4.238982E+00, -1.311096E+00,  0.000000E+00,  0.000000E+00,  0.000000E+00,
  4.666667E-01,  1.473395E+01, -3.606338E+01, -9.716556E+00, -5.385570E+00,  4.251742E+00, -1.310395E+00,  0.000000E+00,  0.000000E+00,  0.000000E+00,
  4.677083E-01,  1.445990E+01, -3.574846E+01, -9.715375E+00, -5.389703E+00,  4.264542E+00, -1.309613E+00,  0.000000E+00,  0.000000E+00,  0.000000E+00,
  4.687500E-01,  1.418574E+01, -3.543310E+01, -9.715498E+00, -5.393638E+00,  4.277378E+00, -1.308749E+00,  0.000000E+00,  0.000000E+00,  0.000000E+00,
  4.697917E-01,  1.391148E+01, -3.511731E+01, -9.716922E+00, -5.397378E+00,  4.290247E+00, -1.307806E+00,  0.000000E+00,  0.000000E+00,  0.000000E+00,
  4.708333E-01,  1.363716E+01, -3.480106E+01, -9.719648E+00, -5.400924E+00,  4.303145E+00, -1.306784E+00,  0.000000E+00,  0.000000E+00,  0.000000E+00,
  4.718750E-01,  1.336277E+01, -3.448434E+01, -9.723673E+00, -5.404281E+00,  4.316069E+00, -1.305684E+00,  0.000000E+00,  0.000000E+00,  0.000000E+00,
  4.729167E-01,  1.308836E+01, -3.416714E+01, -9.728996E+00, -5.407450E+00,  4.329015E+00, -1.304507E+00,  0.000000E+00,  0.000000E+00,  0.000000E+00,
  4.739583E-01,  1.281392E+01, -3.384946E+01, -9.735617E+00, -5.410434E+00,  4.341978E+00, -1.303253E+00,  0.000000E+00,  0.000000E+00,  0.000000E+00,
  4.750000E-01,  1.253948E+01, -3.353127E+01, -9.743534E+00, -5.413236E+00,  4.354955E+00, -1.301926E+00,  0.000000E+00,  0.000000E+00,  0.000000E+00,
  4.760417E-01,  1.226506E+01, -3.321257E+01, -9.752748E+00, -5.415859E+00,  4.367942E+00, -1.300524E+00,  0.000000E+00,  0.000000E+00,  0.000000E+00,
  4.770833E-01,  1.199068E+01, -3.289335E+01, -9.763256E+00, -5.418305E+00,  4.380934E+00, -1.299052E+00,  0.000000E+00,  0.000000E+00,  0.000000E+00,
  4.781250E-01,  1.171635E+01, -3.257359E+01, -9.775061E+00, -5.420578E+00,  4.393928E+00, -1.297509E+00,  0.000000E+00,  0.000000E+00,  0.000000E+00,
  4.791667E-01,  1.144209E+01, -3.225328E+01, -9.788160E+00, -5.422679E+00,  4.406919E+00, -1.295898E+00,  0.000000E+00,  0.000000E+00,  0.000000E+00,
  4.802083E-01,  1.116793E+01, -3.193242E+01, -9.802555E+00, -5.424611E+00,  4.419902E+00, -1.294220E+00,  0.000000E+00,  0.000000E+00,  0.000000E+00,
  4.812500E-01,  1.089386E+01, -3.161099E+01, -9.818245E+00, -5.426378E+00,  4.432874E+00, -1.292479E+00,  0.000000E+00,  0.000000E+00,  0.000000E+00,
  4.822917E-01,  1.061992E+01, -3.128899E+01, -9.835230E+00, -5.427982E+00,  4.445830E+00, -1.290674E+00,  0.000000E+00,  0.000000E+00,  0.000000E+00,
  4.833333E-01,  1.034612E+01, -3.096639E+01, -9.853513E+00, -5.429426E+00,  4.458765E+00, -1.288810E+00,  0.000000E+00,  0.000000E+00,  0.000000E+00,
  4.843750E-01,  1.007248E+01, -3.064320E+01, -9.873092E+00, -5.430713E+00,  4.471675E+00, -1.286888E+00,  0.000000E+00,  0.000000E+00,  0.000000E+00,
  4.854167E-01,  9.799007E+00, -3.031940E+01, -9.893970E+00, -5.431844E+00,  4.484555E+00, -1.284911E+00,  0.000000E+00,  0.000000E+00,  0.000000E+00,
  4.864583E-01,  9.525726E+00, -2.999499E+01, -9.916148E+00, -5.432824E+00,  4.497401E+00, -1.282881E+00,  0.000000E+00,  0.000000E+00,  0.000000E+00,
  4.875000E-01,  9.252652E+00, -2.966995E+01, -9.939626E+00, -5.433654E+00,  4.510207E+00, -1.280802E+00,  0.000000E+00,  0.000000E+00,  0.000000E+00,
  4.885417E-01,  8.979800E+00, -2.934428E+01, -9.964407E+00, -5.434338E+00,  4.522970E+00, -1.278675E+00,  0.000000E+00,  0.000000E+00,  0.000000E+00,
  4.895833E-01,  8.707186E+00, -2.901797E+01, -9.990492E+00, -5.434879E+00,  4.535683E+00, -1.276503E+00,  0.000000E+00,  0.000000E+00,  0.000000E+00,
  4.906250E-01,  8.434827E+00, -2.869100E+01, -1.001788E+01, -5.435278E+00,  4.548343E+00, -1.274291E+00,  0.000000E+00,  0.000000E+00,  0.000000E+00,
  4.916667E-01,  8.162738E+00, -2.836338E+01, -1.004658E+01, -5.435539E+00,  4.560944E+00, -1.272040E+00,  0.000000E+00,  0.000000E+00,  0.000000E+00,
  4.927083E-01,  7.890936E+00, -2.803510E+01, -1.007659E+01, -5.435664E+00,  4.573482E+00, -1.269754E+00,  0.000000E+00,  0.000000E+00,  0.000000E+00,
  4.937500E-01,  7.619434E+00, -2.770614E+01, -1.010792E+01, -5.435656E+00,  4.585952E+00, -1.267436E+00,  0.000000E+00,  0.000000E+00,  0.000000E+00,
  4.947917E-01,  7.348249E+00, -2.737650E+01, -1.014056E+01, -5.435517E+00,  4.598349E+00, -1.265090E+00,  0.000000E+00,  0.000000E+00,  0.000000E+00,
  4.958333E-01,  7.077396E+00, -2.704617E+01, -1.017452E+01, -5.435251E+00,  4.610667E+00, -1.262718E+00,  0.000000E+00,  0.000000E+00,  0.000000E+00,
  4.968750E-01,  6.806891E+00, -2.671515E+01, -1.020980E+01, -5.434860E+00,  4.622902E+00, -1.260326E+00,  0.000000E+00,  0.000000E+00,  0.000000E+00,
  4.979167E-01,  6.536747E+00, -2.638342E+01, -1.024641E+01, -5.434346E+00,  4.635049E+00, -1.257915E+00,  0.000000E+00,  0.000000E+00,  0.000000E+00,
  4.989583E-01,  6.266980E+00, -2.605099E+01, -1.028435E+01, -5.433713E+00,  4.647104E+00, -1.255490E+00,  0.000000E+00,  0.000000E+00,  0.000000E+00,
  5.000000E-01,  5.997604E+00, -2.571785E+01, -1.032362E+01, -5.432962E+00,  4.659060E+00, -1.253054E+00,  0.000000E+00,  0.000000E+00,  0.000000E+00,
  5.010417E-01,  5.728635E+00, -2.538399E+01, -1.036423E+01, -5.432096E+00,  4.670912E+00, -1.250611E+00,  0.000000E+00,  0.000000E+00,  0.000000E+00,
  5.020833E-01,  5.460086E+00, -2.504941E+01, -1.040618E+01, -5.431118E+00,  4.682657E+00, -1.248165E+00,  0.000000E+00,  0.000000E+00,  0.000000E+00,
  5.031250E-01,  5.191971E+00, -2.471409E+01, -1.044948E+01, -5.430031E+00,  4.694289E+00, -1.245719E+00,  0.000000E+00,  0.000000E+00,  0.000000E+00,
  5.041667E-01,  4.924306E+00, -2.437805E+01, -1.049412E+01, -5.428836E+00,  4.705803E+00, -1.243278E+00,  0.000000E+00,  0.000000E+00,  0.000000E+00,
  5.052083E-01,  4.657103E+00, -2.404126E+01, -1.054013E+01, -5.427536E+00,  4.717194E+00, -1.240845E+00,  0.000000E+00,  0.000000E+00,  0.000000E+00,
  5.062500E-01,  4.390377E+00, -2.370374E+01, -1.058749E+01, -5.426134E+00,  4.728456E+00, -1.238424E+00,  0.000000E+00,  0.000000E+00,  0.000000E+00,
  5.072917E-01,  4.124142E+00, -2.336546E+01, -1.063622E+01, -5.424631E+00,  4.739586E+00, -1.236020E+00,  0.000000E+00,  0.000000E+00,  0.000000E+00,
  5.083333E-01,  3.858410E+00, -2.302644E+01, -1.068632E+01, -5.423032E+00,  4.750578E+00, -1.233635E+00,  0.000000E+00,  0.000000E+00,  0.000000E+00,
  5.093750E-01,  3.593197E+00, -2.268667E+01, -1.073780E+01, -5.421336E+00,  4.761427E+00, -1.231273E+00,  0.000000E+00,  0.000000E+00,  0.000000E+00,
  5.104167E-01,  3.328514E+00, -2.234613E+01, -1.079066E+01, -5.419548E+00,  4.772129E+00, -1.228940E+00,  0.000000E+00,  0.000000E+00,  0.000000E+00,
  5.114583E-01,  3.064376E+00, -2.200484E+01, -1.084491E+01, -5.417670E+00,  4.782677E+00, -1.226637E+00,  0.000000E+00,  0.000000E+00,  0.000000E+00,
  5.125000E-01,  2.800795E+00, -2.166279E+01, -1.090055E+01, -5.415702E+00,  4.793069E+00, -1.224370E+00,  0.000000E+00,  0.000000E+00,  0.000000E+00,
  5.135417E-01,  2.537785E+00, -2.131997E+01, -1.095760E+01, -5.413649E+00,  4.803298E+00, -1.222142E+00,  0.000000E+00,  0.000000E+00,  0.000000E+00,
  5.145833E-01,  2.275358E+00, -2.097638E+01, -1.101604E+01, -5.411512E+00,  4.813359E+00, -1.219956E+00,  0.000000E+00,  0.000000E+00,  0.000000E+00,
  5.156250E-01,  2.013528E+00, -2.063203E+01, -1.107591E+01, -5.409293E+00,  4.823249E+00, -1.217816E+00,  0.000000E+00,  0.000000E+00,  0.000000E+00,
  5.166667E-01,  1.752306E+00, -2.028690E+01, -1.113719E+01, -5.406994E+00,  4.832962E+00, -1.215727E+00,  0.000000E+00,  0.000000E+00,  0.000000E+00,
  5.177083E-01,  1.491706E+00, -1.994101E+01, -1.119989E+01, -5.404617E+00,  4.842494E+00, -1.213691E+00,  0.000000E+00,  0.000000E+00,  0.000000E+00,
  5.187500E-01,  1.231740E+00, -1.959434E+01, -1.126403E+01, -5.402166E+00,  4.851840E+00, -1.211711E+00,  0.000000E+00,  0.000000E+00,  0.000000E+00,
  5.197917E-01,  9.724205E-01, -1.924690E+01, -1.132961E+01, -5.399640E+00,  4.860994E+00, -1.209792E+00,  0.000000E+00,  0.000000E+00,  0.000000E+00,
  5.208333E-01,  7.137592E-01, -1.889869E+01, -1.139664E+01, -5.397043E+00,  4.869954E+00, -1.207937E+00,  0.000000E+00,  0.000000E+00,  0.000000E+00,
