Time, Ang_X, Ang_Y, Ang_Z, Omega_X, Omega_Y, Omega_Z
1.041667E-03, 1.8461530000E+01, -5.3992640000E+00, -8.3963950000E+01, 7.8300250000E+00, 4.7876330000E+00, -7.1933880000E+00, 0.0000000000E+00, 0.0000000000E+00, 0.0000000000E+00,
2.083333E-03, 1.8794300000E+01, -5.8583320000E+00, -8.4536110000E+01, 7.7912720000E+00, 4.8468010000E+00, -7.0657750000E+00, 0.0000000000E+00, 0.0000000000E+00, 0.0000000000E+00,
3.125000E-03, 1.9125990000E+01, -6.3190060000E+00, -8.5103620000E+01, 7.7522560000E+00, 4.9043540000E+00, -6.9352560000E+00, 0.0000000000E+00, 0.0000000000E+00, 0.0000000000E+00,
4.166667E-03, 1.9456550000E+01, -6.7812930000E+00, -8.5666300000E+01, 7.7130220000E+00, 4.9602730000E+00, -6.8018740000E+00, 0.0000000000E+00, 0.0000000000E+00, 0.0000000000E+00,
5.208333E-03, 1.9785940000E+01, -7.2451990000E+00, -8.6223990000E+01, 7.6736190000E+00, 5.0145390000E+00, -6.6656760000E+00, 0.0000000000E+00, 0.0000000000E+00, 0.0000000000E+00,
6.250000E-03, 2.0114120000E+01, -7.7107280000E+00, -8.6776520000E+01, 7.6340900000E+00, 5.0671360000E+00, -6.5267090000E+00, 0.0000000000E+00, 0.0000000000E+00, 0.0000000000E+00,
7.291667E-03, 2.0441060000E+01, -8.1778850000E+00, -8.7323740000E+01, 7.5944810000E+00, 5.1180500000E+00, -6.3850200000E+00, 0.0000000000E+00, 0.0000000000E+00, 0.0000000000E+00,
8.333333E-03, 2.0766690000E+01, -8.6466740000E+00, -8.7865500000E+01, 7.5548370000E+00, 5.1672650000E+00, -6.2406600000E+00, 0.0000000000E+00, 0.0000000000E+00, 0.0000000000E+00,
9.375000E-03, 2.1091000000E+01, -9.1170990000E+00, -8.8401630000E+01, 7.5152010000E+00, 5.2147720000E+00, -6.0936820000E+00, 0.0000000000E+00, 0.0000000000E+00, 0.0000000000E+00,
1.041667E-02, 2.1413930000E+01, -9.5891620000E+00, -8.8931980000E+01, 7.4756170000E+00, 5.2605580000E+00, -5.9441360000E+00, 0.0000000000E+00, 0.0000000000E+00, 0.0000000000E+00,
1.145833E-02, 2.1735440000E+01, -1.0062870000E+01, -8.9456410000E+01, 7.4361270000E+00, 5.3046140000E+00, -5.7920790000E+00, 0.0000000000E+00, 0.0000000000E+00, 0.0000000000E+00,
1.250000E-02, 2.2055500000E+01, -1.0538210000E+01, -8.9974760000E+01, 7.3967720000E+00, 5.3469320000E+00, -5.6375660000E+00, 0.0000000000E+00, 0.0000000000E+00, 0.0000000000E+00,
1.354167E-02, 2.2374060000E+01, -1.1015200000E+01, -9.0486900000E+01, 7.3575930000E+00, 5.3875060000E+00, -5.4806530000E+00, 0.0000000000E+00, 0.0000000000E+00, 0.0000000000E+00,
1.458333E-02, 2.2691090000E+01, -1.1493830000E+01, -9.0992680000E+01, 7.3186300000E+00, 5.4263300000E+00, -5.3213980000E+00, 0.0000000000E+00, 0.0000000000E+00, 0.0000000000E+00,
1.562500E-02, 2.3006540000E+01, -1.1974110000E+01, -9.1491960000E+01, 7.2799200000E+00, 5.4634000000E+00, -5.1598620000E+00, 0.0000000000E+00, 0.0000000000E+00, 0.0000000000E+00,
1.666667E-02, 2.3320370000E+01, -1.2456030000E+01, -9.1984610000E+01, 7.2415020000E+00, 5.4987120000E+00, -4.9961050000E+00, 0.0000000000E+00, 0.0000000000E+00, 0.0000000000E+00,
1.770833E-02, 2.3632560000E+01, -1.2939580000E+01, -9.2470490000E+01, 7.2034110000E+00, 5.5322650000E+00, -4.8301890000E+00, 0.0000000000E+00, 0.0000000000E+00, 0.0000000000E+00,
1.875000E-02, 2.3943050000E+01, -1.3424780000E+01, -9.2949470000E+01, 7.1656820000E+00, 5.5640560000E+00, -4.6621760000E+00, 0.0000000000E+00, 0.0000000000E+00, 0.0000000000E+00,
1.979167E-02, 2.4251810000E+01, -1.3911610000E+01, -9.3421430000E+01, 7.1283500000E+00, 5.5940880000E+00, -4.4921300000E+00, 0.0000000000E+00, 0.0000000000E+00, 0.0000000000E+00,
2.083333E-02, 2.4558810000E+01, -1.4400070000E+01, -9.3886240000E+01, 7.0914470000E+00, 5.6223590000E+00, -4.3201180000E+00, 0.0000000000E+00, 0.0000000000E+00, 0.0000000000E+00,
2.187500E-02, 2.4864010000E+01, -1.4890150000E+01, -9.4343770000E+01, 7.0550040000E+00, 5.6488740000E+00, -4.1462030000E+00, 0.0000000000E+00, 0.0000000000E+00, 0.0000000000E+00,
2.291667E-02, 2.5167360000E+01, -1.5381850000E+01, -9.4793920000E+01, 7.0190500000E+00, 5.6736330000E+00, -3.9704550000E+00, 0.0000000000E+00, 0.0000000000E+00, 0.0000000000E+00,
2.395833E-02, 2.5468840000E+01, -1.5875160000E+01, -9.5236560000E+01, 6.9836150000E+00, 5.6966410000E+00, -3.7929400000E+00, 0.0000000000E+00, 0.0000000000E+00, 0.0000000000E+00,
2.500000E-02, 2.5768420000E+01, -1.6370070000E+01, -9.5671590000E+01, 6.9487260000E+00, 5.7179020000E+00, -3.6137270000E+00, 0.0000000000E+00, 0.0000000000E+00, 0.0000000000E+00,
2.604167E-02, 2.6066050000E+01, -1.6866580000E+01, -9.6098890000E+01, 6.9144070000E+00, 5.7374230000E+00, -3.4328860000E+00, 0.0000000000E+00, 0.0000000000E+00, 0.0000000000E+00,
2.708333E-02, 2.6361700000E+01, -1.7364670000E+01, -9.6518360000E+01, 6.8806830000E+00, 5.7552070000E+00, -3.2504870000E+00, 0.0000000000E+00, 0.0000000000E+00, 0.0000000000E+00,
2.812500E-02, 2.6655330000E+01, -1.7864330000E+01, -9.6929900000E+01, 6.8475770000E+00, 5.7712640000E+00, -3.0666010000E+00, 0.0000000000E+00, 0.0000000000E+00, 0.0000000000E+00,
2.916667E-02, 2.6946930000E+01, -1.8365550000E+01, -9.7333400000E+01, 6.8151100000E+00, 5.7855980000E+00, -2.8813010000E+00, 0.0000000000E+00, 0.0000000000E+00, 0.0000000000E+00,
3.020833E-02, 2.7236440000E+01, -1.8868320000E+01, -9.7728770000E+01, 6.7833010000E+00, 5.7982200000E+00, -2.6946570000E+00, 0.0000000000E+00, 0.0000000000E+00, 0.0000000000E+00,
3.125000E-02, 2.7523850000E+01, -1.9372630000E+01, -9.8115920000E+01, 6.7521680000E+00, 5.8091360000E+00, -2.5067440000E+00, 0.0000000000E+00, 0.0000000000E+00, 0.0000000000E+00,
3.229167E-02, 2.7809120000E+01, -1.9878450000E+01, -9.8494760000E+01, 6.7217280000E+00, 5.8183560000E+00, -2.3176340000E+00, 0.0000000000E+00, 0.0000000000E+00, 0.0000000000E+00,
3.333333E-02, 2.8092210000E+01, -2.0385770000E+01, -9.8865200000E+01, 6.6919970000E+00, 5.8258900000E+00, -2.1274020000E+00, 0.0000000000E+00, 0.0000000000E+00, 0.0000000000E+00,
3.437500E-02, 2.8373110000E+01, -2.0894580000E+01, -9.9227160000E+01, 6.6629860000E+00, 5.8317470000E+00, -1.9361220000E+00, 0.0000000000E+00, 0.0000000000E+00, 0.0000000000E+00,
3.541667E-02, 2.8651780000E+01, -2.1404850000E+01, -9.9580570000E+01, 6.6347090000E+00, 5.8359390000E+00, -1.7438690000E+00, 0.0000000000E+00, 0.0000000000E+00, 0.0000000000E+00,
3.645833E-02, 2.8928190000E+01, -2.1916570000E+01, -9.9925330000E+01, 6.6071760000E+00, 5.8384750000E+00, -1.5507180000E+00, 0.0000000000E+00, 0.0000000000E+00, 0.0000000000E+00,
3.750000E-02, 2.9202320000E+01, -2.2429710000E+01, -1.0026140000E+02, 6.5803940000E+00, 5.8393670000E+00, -1.3567450000E+00, 0.0000000000E+00, 0.0000000000E+00, 0.0000000000E+00,
3.854167E-02, 2.9474130000E+01, -2.2944260000E+01, -1.0058870000E+02, 6.5543720000E+00, 5.8386260000E+00, -1.1620240000E+00, 0.0000000000E+00, 0.0000000000E+00, 0.0000000000E+00,
3.958333E-02, 2.9743610000E+01, -2.3460190000E+01, -1.0090710000E+02, 6.5291150000E+00, 5.8362650000E+00, -9.6663300000E-01, 0.0000000000E+00, 0.0000000000E+00, 0.0000000000E+00,
4.062500E-02, 3.0010720000E+01, -2.3977470000E+01, -1.0121660000E+02, 6.5046280000E+00, 5.8322950000E+00, -7.7064630000E-01, 0.0000000000E+00, 0.0000000000E+00, 0.0000000000E+00,
4.166667E-02, 3.0275450000E+01, -2.4496080000E+01, -1.0151720000E+02, 6.4809120000E+00, 5.8267290000E+00, -5.7414060000E-01, 0.0000000000E+00, 0.0000000000E+00, 0.0000000000E+00,
4.270833E-02, 3.0537770000E+01, -2.5016000000E+01, -1.0180870000E+02, 6.4579690000E+00, 5.8195790000E+00, -3.7719200000E-01, 0.0000000000E+00, 0.0000000000E+00, 0.0000000000E+00,
4.375000E-02, 3.0797650000E+01, -2.5537190000E+01, -1.0209120000E+02, 6.4357990000E+00, 5.8108590000E+00, -1.7987640000E-01, 0.0000000000E+00, 0.0000000000E+00, 0.0000000000E+00,
4.479167E-02, 3.1055070000E+01, -2.6059630000E+01, -1.0236450000E+02, 6.4144000000E+00, 5.8005820000E+00, 1.7730060000E-02, 0.0000000000E+00, 0.0000000000E+00, 0.0000000000E+00,
4.583333E-02, 3.1310020000E+01, -2.6583280000E+01, -1.0262870000E+02, 6.3937690000E+00, 5.7887600000E+00, 2.1555150000E-01, 0.0000000000E+00, 0.0000000000E+00, 0.0000000000E+00,
4.687500E-02, 3.1562470000E+01, -2.7108120000E+01, -1.0288370000E+02, 6.3739000000E+00, 5.7754090000E+00, 4.1351220000E-01, 0.0000000000E+00, 0.0000000000E+00, 0.0000000000E+00,
4.791667E-02, 3.1812410000E+01, -2.7634110000E+01, -1.0312940000E+02, 6.3547870000E+00, 5.7605400000E+00, 6.1153670000E-01, 0.0000000000E+00, 0.0000000000E+00, 0.0000000000E+00,
4.895833E-02, 3.2059800000E+01, -2.8161220000E+01, -1.0336580000E+02, 6.3364240000E+00, 5.7441690000E+00, 8.0954960000E-01, 0.0000000000E+00, 0.0000000000E+00, 0.0000000000E+00,
5.000000E-02, 3.2304640000E+01, -2.8689410000E+01, -1.0359290000E+02, 6.3188020000E+00, 5.7263100000E+00, 1.0074760000E+00, 0.0000000000E+00, 0.0000000000E+00, 0.0000000000E+00,
5.104167E-02, 3.2546910000E+01, -2.9218650000E+01, -1.0381060000E+02, 6.3019090000E+00, 5.7069770000E+00, 1.2052420000E+00, 0.0000000000E+00, 0.0000000000E+00, 0.0000000000E+00,
5.208333E-02, 3.2786600000E+01, -2.9748890000E+01, -1.0401900000E+02, 6.2857350000E+00, 5.6861830000E+00, 1.4027720000E+00, 0.0000000000E+00, 0.0000000000E+00, 0.0000000000E+00,
5.312500E-02, 3.3023670000E+01, -3.0280110000E+01, -1.0421800000E+02, 6.2702670000E+00, 5.6639450000E+00, 1.5999930000E+00, 0.0000000000E+00, 0.0000000000E+00, 0.0000000000E+00,
5.416667E-02, 3.3258130000E+01, -3.0812260000E+01, -1.0440760000E+02, 6.2554910000E+00, 5.6402770000E+00, 1.7968330000E+00, 0.0000000000E+00, 0.0000000000E+00, 0.0000000000E+00,
5.520833E-02, 3.3489960000E+01, -3.1345300000E+01, -1.0458770000E+02, 6.2413920000E+00, 5.6151930000E+00, 1.9932170000E+00, 0.0000000000E+00, 0.0000000000E+00, 0.0000000000E+00,
5.625000E-02, 3.3719150000E+01, -3.1879180000E+01, -1.0475840000E+02, 6.2279530000E+00, 5.5887090000E+00, 2.1890750000E+00, 0.0000000000E+00, 0.0000000000E+00, 0.0000000000E+00,
5.729167E-02, 3.3945680000E+01, -3.2413870000E+01, -1.0491960000E+02, 6.2151560000E+00, 5.5608410000E+00, 2.3843340000E+00, 0.0000000000E+00, 0.0000000000E+00, 0.0000000000E+00,
5.833333E-02, 3.4169540000E+01, -3.2949330000E+01, -1.0507130000E+02, 6.2029850000E+00, 5.5316040000E+00, 2.5789250000E+00, 0.0000000000E+00, 0.0000000000E+00, 0.0000000000E+00,
5.937500E-02, 3.4390720000E+01, -3.3485490000E+01, -1.0521360000E+02, 6.1914170000E+00, 5.5010130000E+00, 2.7727760000E+00, 0.0000000000E+00, 0.0000000000E+00, 0.0000000000E+00,
6.041667E-02, 3.4609220000E+01, -3.4022330000E+01, -1.0534640000E+02, 6.1804340000E+00, 5.4690850000E+00, 2.9658190000E+00, 0.0000000000E+00, 0.0000000000E+00, 0.0000000000E+00,
6.145833E-02, 3.4825020000E+01, -3.4559780000E+01, -1.0546980000E+02, 6.1700120000E+00, 5.4358350000E+00, 3.1579850000E+00, 0.0000000000E+00, 0.0000000000E+00, 0.0000000000E+00,
6.250000E-02, 3.5038120000E+01, -3.5097810000E+01, -1.0558370000E+02, 6.1601300000E+00, 5.4012810000E+00, 3.3492070000E+00, 0.0000000000E+00, 0.0000000000E+00, 0.0000000000E+00,
6.354167E-02, 3.5248510000E+01, -3.5636360000E+01, -1.0568810000E+02, 6.1507650000E+00, 5.3654380000E+00, 3.5394170000E+00, 0.0000000000E+00, 0.0000000000E+00, 0.0000000000E+00,
6.458333E-02, 3.5456180000E+01, -3.6175380000E+01, -1.0578310000E+02, 6.1418910000E+00, 5.3283240000E+00, 3.7285510000E+00, 0.0000000000E+00, 0.0000000000E+00, 0.0000000000E+00,
6.562500E-02, 3.5661140000E+01, -3.6714830000E+01, -1.0586860000E+02, 6.1334830000E+00, 5.2899560000E+00, 3.9165430000E+00, 0.0000000000E+00, 0.0000000000E+00, 0.0000000000E+00,
6.666667E-02, 3.5863370000E+01, -3.7254640000E+01, -1.0594480000E+02, 6.1255160000E+00, 5.2503500000E+00, 4.1033290000E+00, 0.0000000000E+00, 0.0000000000E+00, 0.0000000000E+00,
6.770833E-02, 3.6062880000E+01, -3.7794770000E+01, -1.0601150000E+02, 6.1179620000E+00, 5.2095250000E+00, 4.2888460000E+00, 0.0000000000E+00, 0.0000000000E+00, 0.0000000000E+00,
6.875000E-02, 3.6259660000E+01, -3.8335150000E+01, -1.0606890000E+02, 6.1107940000E+00, 5.1674980000E+00, 4.4730340000E+00, 0.0000000000E+00, 0.0000000000E+00, 0.0000000000E+00,
6.979167E-02, 3.6453700000E+01, -3.8875740000E+01, -1.0611700000E+02, 6.1039850000E+00, 5.1242880000E+00, 4.6558300000E+00, 0.0000000000E+00, 0.0000000000E+00, 0.0000000000E+00,
7.083333E-02, 3.6645020000E+01, -3.9416490000E+01, -1.0615570000E+02, 6.0975050000E+00, 5.0799130000E+00, 4.8371760000E+00, 0.0000000000E+00, 0.0000000000E+00, 0.0000000000E+00,
7.187500E-02, 3.6833610000E+01, -3.9957320000E+01, -1.0618520000E+02, 6.0913250000E+00, 5.0343930000E+00, 5.0170130000E+00, 0.0000000000E+00, 0.0000000000E+00, 0.0000000000E+00,
7.291667E-02, 3.7019470000E+01, -4.0498190000E+01, -1.0620530000E+02, 6.0854160000E+00, 4.9877450000E+00, 5.1952830000E+00, 0.0000000000E+00, 0.0000000000E+00, 0.0000000000E+00,
7.395833E-02, 3.7202600000E+01, -4.1039030000E+01, -1.0621630000E+02, 6.0797460000E+00, 4.9399900000E+00, 5.3719320000E+00, 0.0000000000E+00, 0.0000000000E+00, 0.0000000000E+00,
7.500000E-02, 3.7383010000E+01, -4.1579790000E+01, -1.0621810000E+02, 6.0742860000E+00, 4.8911480000E+00, 5.5469040000E+00, 0.0000000000E+00, 0.0000000000E+00, 0.0000000000E+00,
7.604167E-02, 3.7560700000E+01, -4.2120410000E+01, -1.0621080000E+02, 6.0690040000E+00, 4.8412400000E+00, 5.7201460000E+00, 0.0000000000E+00, 0.0000000000E+00, 0.0000000000E+00,
7.708333E-02, 3.7735680000E+01, -4.2660820000E+01, -1.0619440000E+02, 6.0638700000E+00, 4.7902840000E+00, 5.8916050000E+00, 0.0000000000E+00, 0.0000000000E+00, 0.0000000000E+00,
7.812500E-02, 3.7907940000E+01, -4.3200970000E+01, -1.0616890000E+02, 6.0588500000E+00, 4.7383040000E+00, 6.0612310000E+00, 0.0000000000E+00, 0.0000000000E+00, 0.0000000000E+00,
7.916667E-02, 3.8077500000E+01, -4.3740800000E+01, -1.0613440000E+02, 6.0539140000E+00, 4.6853200000E+00, 6.2289730000E+00, 0.0000000000E+00, 0.0000000000E+00, 0.0000000000E+00,
8.020833E-02, 3.8244370000E+01, -4.4280230000E+01, -1.0609100000E+02, 6.0490290000E+00, 4.6313540000E+00, 6.3947850000E+00, 0.0000000000E+00, 0.0000000000E+00, 0.0000000000E+00,
8.125000E-02, 3.8408550000E+01, -4.4819220000E+01, -1.0603870000E+02, 6.0441630000E+00, 4.5764300000E+00, 6.5586180000E+00, 0.0000000000E+00, 0.0000000000E+00, 0.0000000000E+00,
8.229167E-02, 3.8570050000E+01, -4.5357690000E+01, -1.0597750000E+02, 6.0392830000E+00, 4.5205680000E+00, 6.7204280000E+00, 0.0000000000E+00, 0.0000000000E+00, 0.0000000000E+00,
8.333333E-02, 3.8728880000E+01, -4.5895590000E+01, -1.0590760000E+02, 6.0343580000E+00, 4.4637940000E+00, 6.8801700000E+00, 0.0000000000E+00, 0.0000000000E+00, 0.0000000000E+00,
8.437500E-02, 3.8885050000E+01, -4.6432840000E+01, -1.0582900000E+02, 6.0293540000E+00, 4.4061300000E+00, 7.0378020000E+00, 0.0000000000E+00, 0.0000000000E+00, 0.0000000000E+00,
8.541667E-02, 3.9038570000E+01, -4.6969390000E+01, -1.0574160000E+02, 6.0242400000E+00, 4.3476010000E+00, 7.1932830000E+00, 0.0000000000E+00, 0.0000000000E+00, 0.0000000000E+00,
8.645833E-02, 3.9189460000E+01, -4.7505160000E+01, -1.0564570000E+02, 6.0189820000E+00, 4.2882320000E+00, 7.3465720000E+00, 0.0000000000E+00, 0.0000000000E+00, 0.0000000000E+00,
8.750000E-02, 3.9337720000E+01, -4.8040100000E+01, -1.0554130000E+02, 6.0135500000E+00, 4.2280470000E+00, 7.4976310000E+00, 0.0000000000E+00, 0.0000000000E+00, 0.0000000000E+00,
8.854167E-02, 3.9483370000E+01, -4.8574140000E+01, -1.0542840000E+02, 6.0079100000E+00, 4.1670730000E+00, 7.6464240000E+00, 0.0000000000E+00, 0.0000000000E+00, 0.0000000000E+00,
8.958333E-02, 3.9626420000E+01, -4.9107220000E+01, -1.0530720000E+02, 6.0020310000E+00, 4.1053350000E+00, 7.7929150000E+00, 0.0000000000E+00, 0.0000000000E+00, 0.0000000000E+00,
9.062500E-02, 3.9766890000E+01, -4.9639260000E+01, -1.0517760000E+02, 5.9958810000E+00, 4.0428610000E+00, 7.9370700000E+00, 0.0000000000E+00, 0.0000000000E+00, 0.0000000000E+00,
9.166667E-02, 3.9904800000E+01, -5.0170210000E+01, -1.0503970000E+02, 5.9894290000E+00, 3.9796770000E+00, 8.0788560000E+00, 0.0000000000E+00, 0.0000000000E+00, 0.0000000000E+00,
9.270833E-02, 4.0040150000E+01, -5.0699990000E+01, -1.0489370000E+02, 5.9826450000E+00, 3.9158110000E+00, 8.2182430000E+00, 0.0000000000E+00, 0.0000000000E+00, 0.0000000000E+00,
9.375000E-02, 4.0172960000E+01, -5.1228540000E+01, -1.0473970000E+02, 5.9754970000E+00, 3.8512920000E+00, 8.3552000000E+00, 0.0000000000E+00, 0.0000000000E+00, 0.0000000000E+00,
9.479167E-02, 4.0303260000E+01, -5.1755800000E+01, -1.0457760000E+02, 5.9679560000E+00, 3.7861470000E+00, 8.4897010000E+00, 0.0000000000E+00, 0.0000000000E+00, 0.0000000000E+00,
9.583333E-02, 4.0431060000E+01, -5.2281700000E+01, -1.0440750000E+02, 5.9599920000E+00, 3.7204060000E+00, 8.6217170000E+00, 0.0000000000E+00, 0.0000000000E+00, 0.0000000000E+00,
9.687500E-02, 4.0556380000E+01, -5.2806170000E+01, -1.0422970000E+02, 5.9515760000E+00, 3.6540990000E+00, 8.7512240000E+00, 0.0000000000E+00, 0.0000000000E+00, 0.0000000000E+00,
9.791667E-02, 4.0679230000E+01, -5.3329150000E+01, -1.0404400000E+02, 5.9426800000E+00, 3.5872550000E+00, 8.8781990000E+00, 0.0000000000E+00, 0.0000000000E+00, 0.0000000000E+00,
9.895833E-02, 4.0799650000E+01, -5.3850580000E+01, -1.0385070000E+02, 5.9332750000E+00, 3.5199050000E+00, 9.0026180000E+00, 0.0000000000E+00, 0.0000000000E+00, 0.0000000000E+00,
1.000000E-01, 4.0917640000E+01, -5.4370380000E+01, -1.0364980000E+02, 5.9233340000E+00, 3.4520790000E+00, 9.1244620000E+00, 0.0000000000E+00, 0.0000000000E+00, 0.0000000000E+00,
1.010417E-01, 4.1033220000E+01, -5.4888490000E+01, -1.0344140000E+02, 5.9128310000E+00, 3.3838100000E+00, 9.2437100000E+00, 0.0000000000E+00, 0.0000000000E+00, 0.0000000000E+00,
1.020833E-01, 4.1146430000E+01, -5.5404850000E+01, -1.0322560000E+02, 5.9017390000E+00, 3.3151290000E+00, 9.3603460000E+00, 0.0000000000E+00, 0.0000000000E+00, 0.0000000000E+00,
1.031250E-01, 4.1257280000E+01, -5.5919390000E+01, -1.0300250000E+02, 5.8900340000E+00, 3.2460680000E+00, 9.4743520000E+00, 0.0000000000E+00, 0.0000000000E+00, 0.0000000000E+00,
1.041667E-01, 4.1365790000E+01, -5.6432050000E+01, -1.0277210000E+02, 5.8776910000E+00, 3.1766600000E+00, 9.5857130000E+00, 0.0000000000E+00, 0.0000000000E+00, 0.0000000000E+00,
1.052083E-01, 4.1471980000E+01, -5.6942770000E+01, -1.0253460000E+02, 5.8646860000E+00, 3.1069370000E+00, 9.6944170000E+00, 0.0000000000E+00, 0.0000000000E+00, 0.0000000000E+00,
1.062500E-01, 4.1575890000E+01, -5.7451480000E+01, -1.0229010000E+02, 5.8509970000E+00, 3.0369330000E+00, 9.8004500000E+00, 0.0000000000E+00, 0.0000000000E+00, 0.0000000000E+00,
1.072917E-01, 4.1677530000E+01, -5.7958110000E+01, -1.0203860000E+02, 5.8366010000E+00, 2.9666820000E+00, 9.9038010000E+00, 0.0000000000E+00, 0.0000000000E+00, 0.0000000000E+00,
1.083333E-01, 4.1776920000E+01, -5.8462610000E+01, -1.0178030000E+02, 5.8214770000E+00, 2.8962170000E+00, 1.0004460000E+01, 0.0000000000E+00, 0.0000000000E+00, 0.0000000000E+00,
1.093750E-01, 4.1874100000E+01, -5.8964910000E+01, -1.0151520000E+02, 5.8056060000E+00, 2.8255730000E+00, 1.0102420000E+01, 0.0000000000E+00, 0.0000000000E+00, 0.0000000000E+00,
1.104167E-01, 4.1969080000E+01, -5.9464950000E+01, -1.0124350000E+02, 5.7889680000E+00, 2.7547840000E+00, 1.0197680000E+01, 0.0000000000E+00, 0.0000000000E+00, 0.0000000000E+00,
1.114583E-01, 4.2061890000E+01, -5.9962680000E+01, -1.0096520000E+02, 5.7715460000E+00, 2.6838850000E+00, 1.0290220000E+01, 0.0000000000E+00, 0.0000000000E+00, 0.0000000000E+00,
1.125000E-01, 4.2152560000E+01, -6.0458020000E+01, -1.0068050000E+02, 5.7533200000E+00, 2.6129100000E+00, 1.0380050000E+01, 0.0000000000E+00, 0.0000000000E+00, 0.0000000000E+00,
1.135417E-01, 4.2241110000E+01, -6.0950920000E+01, -1.0038950000E+02, 5.7342770000E+00, 2.5418950000E+00, 1.0467160000E+01, 0.0000000000E+00, 0.0000000000E+00, 0.0000000000E+00,
1.145833E-01, 4.2327570000E+01, -6.1441320000E+01, -1.0009220000E+02, 5.7143990000E+00, 2.4708760000E+00, 1.0551550000E+01, 0.0000000000E+00, 0.0000000000E+00, 0.0000000000E+00,
1.156250E-01, 4.2411970000E+01, -6.1929160000E+01, -9.9788750000E+01, 5.6936740000E+00, 2.3998870000E+00, 1.0633220000E+01, 0.0000000000E+00, 0.0000000000E+00, 0.0000000000E+00,
1.166667E-01, 4.2494330000E+01, -6.2414380000E+01, -9.9479280000E+01, 5.6720880000E+00, 2.3289640000E+00, 1.0712170000E+01, 0.0000000000E+00, 0.0000000000E+00, 0.0000000000E+00,
1.177083E-01, 4.2574680000E+01, -6.2896930000E+01, -9.9163870000E+01, 5.6496280000E+00, 2.2581430000E+00, 1.0788400000E+01, 0.0000000000E+00, 0.0000000000E+00, 0.0000000000E+00,
1.187500E-01, 4.2653040000E+01, -6.3376750000E+01, -9.8842640000E+01, 5.6262850000E+00, 2.1874600000E+00, 1.0861920000E+01, 0.0000000000E+00, 0.0000000000E+00, 0.0000000000E+00,
1.197917E-01, 4.2729450000E+01, -6.3853770000E+01, -9.8515690000E+01, 5.6020480000E+00, 2.1169490000E+00, 1.0932720000E+01, 0.0000000000E+00, 0.0000000000E+00, 0.0000000000E+00,
1.208333E-01, 4.2803940000E+01, -6.4327960000E+01, -9.8183120000E+01, 5.5769080000E+00, 2.0466470000E+00, 1.1000820000E+01, 0.0000000000E+00, 0.0000000000E+00, 0.0000000000E+00,
1.218750E-01, 4.2876520000E+01, -6.4799250000E+01, -9.7845050000E+01, 5.5508590000E+00, 1.9765890000E+00, 1.1066220000E+01, 0.0000000000E+00, 0.0000000000E+00, 0.0000000000E+00,
1.229167E-01, 4.2947240000E+01, -6.5267580000E+01, -9.7501580000E+01, 5.5238920000E+00, 1.9068110000E+00, 1.1128930000E+01, 0.0000000000E+00, 0.0000000000E+00, 0.0000000000E+00,
1.239583E-01, 4.3016110000E+01, -6.5732910000E+01, -9.7152810000E+01, 5.4960040000E+00, 1.8373480000E+00, 1.1188960000E+01, 0.0000000000E+00, 0.0000000000E+00, 0.0000000000E+00,
1.250000E-01, 4.3083170000E+01, -6.6195180000E+01, -9.6798860000E+01, 5.4671900000E+00, 1.7682350000E+00, 1.1246310000E+01, 0.0000000000E+00, 0.0000000000E+00, 0.0000000000E+00,
1.260417E-01, 4.3148450000E+01, -6.6654350000E+01, -9.6439820000E+01, 5.4374460000E+00, 1.6995080000E+00, 1.1301000000E+01, 0.0000000000E+00, 0.0000000000E+00, 0.0000000000E+00,
1.270833E-01, 4.3211970000E+01, -6.7110350000E+01, -9.6075820000E+01, 5.4067720000E+00, 1.6312000000E+00, 1.1353040000E+01, 0.0000000000E+00, 0.0000000000E+00, 0.0000000000E+00,
1.281250E-01, 4.3273760000E+01, -6.7563150000E+01, -9.5706960000E+01, 5.3751650000E+00, 1.5633480000E+00, 1.1402440000E+01, 0.0000000000E+00, 0.0000000000E+00, 0.0000000000E+00,
1.291667E-01, 4.3333860000E+01, -6.8012690000E+01, -9.5333340000E+01, 5.3426260000E+00, 1.4959840000E+00, 1.1449210000E+01, 0.0000000000E+00, 0.0000000000E+00, 0.0000000000E+00,
1.302083E-01, 4.3392290000E+01, -6.8458920000E+01, -9.4955080000E+01, 5.3091570000E+00, 1.4291420000E+00, 1.1493380000E+01, 0.0000000000E+00, 0.0000000000E+00, 0.0000000000E+00,
1.312500E-01, 4.3449080000E+01, -6.8901800000E+01, -9.4572280000E+01, 5.2747600000E+00, 1.3628580000E+00, 1.1534940000E+01, 0.0000000000E+00, 0.0000000000E+00, 0.0000000000E+00,
1.322917E-01, 4.3504270000E+01, -6.9341280000E+01, -9.4185050000E+01, 5.2394380000E+00, 1.2971620000E+00, 1.1573930000E+01, 0.0000000000E+00, 0.0000000000E+00, 0.0000000000E+00,
1.333333E-01, 4.3557880000E+01, -6.9777320000E+01, -9.3793500000E+01, 5.2031970000E+00, 1.2320890000E+00, 1.1610360000E+01, 0.0000000000E+00, 0.0000000000E+00, 0.0000000000E+00,
1.343750E-01, 4.3609940000E+01, -7.0209860000E+01, -9.3397740000E+01, 5.1660420000E+00, 1.1676700000E+00, 1.1644240000E+01, 0.0000000000E+00, 0.0000000000E+00, 0.0000000000E+00,
1.354167E-01, 4.3660480000E+01, -7.0638880000E+01, -9.2997880000E+01, 5.1279790000E+00, 1.1039380000E+00, 1.1675590000E+01, 0.0000000000E+00, 0.0000000000E+00, 0.0000000000E+00,
1.364583E-01, 4.3709530000E+01, -7.1064320000E+01, -9.2594020000E+01, 5.0890180000E+00, 1.0409230000E+00, 1.1704430000E+01, 0.0000000000E+00, 0.0000000000E+00, 0.0000000000E+00,
1.375000E-01, 4.3757120000E+01, -7.1486150000E+01, -9.2186270000E+01, 5.0491650000E+00, 9.7865640000E-01, 1.1730790000E+01, 0.0000000000E+00, 0.0000000000E+00, 0.0000000000E+00,
1.385417E-01, 4.3803280000E+01, -7.1904310000E+01, -9.1774750000E+01, 5.0084320000E+00, 9.1716800000E-01, 1.1754670000E+01, 0.0000000000E+00, 0.0000000000E+00, 0.0000000000E+00,
1.395833E-01, 4.3848040000E+01, -7.2318780000E+01, -9.1359550000E+01, 4.9668290000E+00, 8.5648730000E-01, 1.1776110000E+01, 0.0000000000E+00, 0.0000000000E+00, 0.0000000000E+00,
1.406250E-01, 4.3891430000E+01, -7.2729520000E+01, -9.0940780000E+01, 4.9243670000E+00, 7.9664320000E-01, 1.1795120000E+01, 0.0000000000E+00, 0.0000000000E+00, 0.0000000000E+00,
1.416667E-01, 4.3933480000E+01, -7.3136480000E+01, -9.0518550000E+01, 4.8810600000E+00, 7.3766370000E-01, 1.1811730000E+01, 0.0000000000E+00, 0.0000000000E+00, 0.0000000000E+00,
1.427083E-01, 4.3974210000E+01, -7.3539630000E+01, -9.0092980000E+01, 4.8369210000E+00, 6.7957650000E-01, 1.1825960000E+01, 0.0000000000E+00, 0.0000000000E+00, 0.0000000000E+00,
1.437500E-01, 4.4013670000E+01, -7.3938930000E+01, -8.9664150000E+01, 4.7919640000E+00, 6.2240800000E-01, 1.1837830000E+01, 0.0000000000E+00, 0.0000000000E+00, 0.0000000000E+00,
1.447917E-01, 4.4051870000E+01, -7.4334350000E+01, -8.9232180000E+01, 4.7462060000E+00, 5.6618440000E-01, 1.1847370000E+01, 0.0000000000E+00, 0.0000000000E+00, 0.0000000000E+00,
1.458333E-01, 4.4088850000E+01, -7.4725860000E+01, -8.8797170000E+01, 4.6996610000E+00, 5.1093060000E-01, 1.1854600000E+01, 0.0000000000E+00, 0.0000000000E+00, 0.0000000000E+00,
1.468750E-01, 4.4124630000E+01, -7.5113410000E+01, -8.8359230000E+01, 4.6523460000E+00, 4.5667110000E-01, 1.1859540000E+01, 0.0000000000E+00, 0.0000000000E+00, 0.0000000000E+00,
1.479167E-01, 4.4159250000E+01, -7.5496990000E+01, -8.7918460000E+01, 4.6042800000E+00, 4.0342940000E-01, 1.1862230000E+01, 0.0000000000E+00, 0.0000000000E+00, 0.0000000000E+00,
1.489583E-01, 4.4192720000E+01, -7.5876550000E+01, -8.7474960000E+01, 4.5554810000E+00, 3.5122810000E-01, 1.1862680000E+01, 0.0000000000E+00, 0.0000000000E+00, 0.0000000000E+00,
1.500000E-01, 4.4225100000E+01, -7.6252060000E+01, -8.7028840000E+01, 4.5059680000E+00, 3.0008900000E-01, 1.1860920000E+01, 0.0000000000E+00, 0.0000000000E+00, 0.0000000000E+00,
1.510417E-01, 4.4256390000E+01, -7.6623500000E+01, -8.6580200000E+01, 4.4557600000E+00, 2.5003290000E-01, 1.1856980000E+01, 0.0000000000E+00, 0.0000000000E+00, 0.0000000000E+00,
1.520833E-01, 4.4286620000E+01, -7.6990840000E+01, -8.6129130000E+01, 4.4048790000E+00, 2.0108000000E-01, 1.1850880000E+01, 0.0000000000E+00, 0.0000000000E+00, 0.0000000000E+00,
1.531250E-01, 4.4315840000E+01, -7.7354050000E+01, -8.5675750000E+01, 4.3533440000E+00, 1.5324910000E-01, 1.1842650000E+01, 0.0000000000E+00, 0.0000000000E+00, 0.0000000000E+00,
1.541667E-01, 4.4344050000E+01, -7.7713100000E+01, -8.5220140000E+01, 4.3011770000E+00, 1.0655850000E-01, 1.1832330000E+01, 0.0000000000E+00, 0.0000000000E+00, 0.0000000000E+00,
1.552083E-01, 4.4371300000E+01, -7.8067970000E+01, -8.4762410000E+01, 4.2484010000E+00, 6.1025270000E-02, 1.1819920000E+01, 0.0000000000E+00, 0.0000000000E+00, 0.0000000000E+00,
1.562500E-01, 4.4397610000E+01, -7.8418630000E+01, -8.4302660000E+01, 4.1950380000E+00, 1.6665640000E-02, 1.1805480000E+01, 0.0000000000E+00, 0.0000000000E+00, 0.0000000000E+00,
1.572917E-01, 4.4423000000E+01, -7.8765060000E+01, -8.3840980000E+01, 4.1411100000E+00, -2.6505170000E-02, 1.1789010000E+01, 0.0000000000E+00, 0.0000000000E+00, 0.0000000000E+00,
1.583333E-01, 4.4447510000E+01, -7.9107230000E+01, -8.3377470000E+01, 4.0866410000E+00, -6.8472930000E-02, 1.1770550000E+01, 0.0000000000E+00, 0.0000000000E+00, 0.0000000000E+00,
1.593750E-01, 4.4471150000E+01, -7.9445120000E+01, -8.2912230000E+01, 4.0316550000E+00, -1.0922440000E-01, 1.1750130000E+01, 0.0000000000E+00, 0.0000000000E+00, 0.0000000000E+00,
1.604167E-01, 4.4493960000E+01, -7.9778710000E+01, -8.2445340000E+01, 3.9761750000E+00, -1.4874730000E-01, 1.1727780000E+01, 0.0000000000E+00, 0.0000000000E+00, 0.0000000000E+00,
1.614583E-01, 4.4515960000E+01, -8.0107970000E+01, -8.1976910000E+01, 3.9202270000E+00, -1.8703040000E-01, 1.1703520000E+01, 0.0000000000E+00, 0.0000000000E+00, 0.0000000000E+00,
1.625000E-01, 4.4537170000E+01, -8.0432900000E+01, -8.1507030000E+01, 3.8638330000E+00, -2.2406340000E-01, 1.1677380000E+01, 0.0000000000E+00, 0.0000000000E+00, 0.0000000000E+00,
1.635417E-01, 4.4557630000E+01, -8.0753460000E+01, -8.1035790000E+01, 3.8070200000E+00, -2.5983710000E-01, 1.1649400000E+01, 0.0000000000E+00, 0.0000000000E+00, 0.0000000000E+00,
1.645833E-01, 4.4577350000E+01, -8.1069640000E+01, -8.0563280000E+01, 3.7498120000E+00, -2.9434320000E-01, 1.1619590000E+01, 0.0000000000E+00, 0.0000000000E+00, 0.0000000000E+00,
1.656250E-01, 4.4596370000E+01, -8.1381420000E+01, -8.0089590000E+01, 3.6922340000E+00, -3.2757460000E-01, 1.1588000000E+01, 0.0000000000E+00, 0.0000000000E+00, 0.0000000000E+00,
1.666667E-01, 4.4614690000E+01, -8.1688790000E+01, -7.9614800000E+01, 3.6343120000E+00, -3.5952490000E-01, 1.1554640000E+01, 0.0000000000E+00, 0.0000000000E+00, 0.0000000000E+00,
1.677083E-01, 4.4632360000E+01, -8.1991720000E+01, -7.9139020000E+01, 3.5760690000E+00, -3.9018900000E-01, 1.1519550000E+01, 0.0000000000E+00, 0.0000000000E+00, 0.0000000000E+00,
1.687500E-01, 4.4649390000E+01, -8.2290210000E+01, -7.8662320000E+01, 3.5175330000E+00, -4.1956250000E-01, 1.1482750000E+01, 0.0000000000E+00, 0.0000000000E+00, 0.0000000000E+00,
1.697917E-01, 4.4665810000E+01, -8.2584230000E+01, -7.8184800000E+01, 3.4587270000E+00, -4.4764220000E-01, 1.1444280000E+01, 0.0000000000E+00, 0.0000000000E+00, 0.0000000000E+00,
1.708333E-01, 4.4681630000E+01, -8.2873770000E+01, -7.7706530000E+01, 3.3996780000E+00, -4.7442590000E-01, 1.1404170000E+01, 0.0000000000E+00, 0.0000000000E+00, 0.0000000000E+00,
1.718750E-01, 4.4696890000E+01, -8.3158830000E+01, -7.7227600000E+01, 3.3404090000E+00, -4.9991200000E-01, 1.1362430000E+01, 0.0000000000E+00, 0.0000000000E+00, 0.0000000000E+00,
1.729167E-01, 4.4711600000E+01, -8.3439380000E+01, -7.6748090000E+01, 3.2809460000E+00, -5.2410040000E-01, 1.1319110000E+01, 0.0000000000E+00, 0.0000000000E+00, 0.0000000000E+00,
1.739583E-01, 4.4725780000E+01, -8.3715420000E+01, -7.6268090000E+01, 3.2213150000E+00, -5.4699150000E-01, 1.1274230000E+01, 0.0000000000E+00, 0.0000000000E+00, 0.0000000000E+00,
1.750000E-01, 4.4739450000E+01, -8.3986930000E+01, -7.5787670000E+01, 3.1615390000E+00, -5.6858680000E-01, 1.1227820000E+01, 0.0000000000E+00, 0.0000000000E+00, 0.0000000000E+00,
1.760417E-01, 4.4752640000E+01, -8.4253900000E+01, -7.5306920000E+01, 3.1016430000E+00, -5.8888870000E-01, 1.1179900000E+01, 0.0000000000E+00, 0.0000000000E+00, 0.0000000000E+00,
1.770833E-01, 4.4765370000E+01, -8.4516320000E+01, -7.4825920000E+01, 3.0416510000E+00, -6.0790060000E-01, 1.1130510000E+01, 0.0000000000E+00, 0.0000000000E+00, 0.0000000000E+00,
1.781250E-01, 4.4777650000E+01, -8.4774190000E+01, -7.4344730000E+01, 2.9815860000E+00, -6.2562650000E-01, 1.1079670000E+01, 0.0000000000E+00, 0.0000000000E+00, 0.0000000000E+00,
1.791667E-01, 4.4789510000E+01, -8.5027490000E+01, -7.3863450000E+01, 2.9214740000E+00, -6.4207150000E-01, 1.1027420000E+01, 0.0000000000E+00, 0.0000000000E+00, 0.0000000000E+00,
1.802083E-01, 4.4800960000E+01, -8.5276210000E+01, -7.3382140000E+01, 2.8613360000E+00, -6.5724160000E-01, 1.0973780000E+01, 0.0000000000E+00, 0.0000000000E+00, 0.0000000000E+00,
1.812500E-01, 4.4812020000E+01, -8.5520350000E+01, -7.2900870000E+01, 2.8011970000E+00, -6.7114340000E-01, 1.0918780000E+01, 0.0000000000E+00, 0.0000000000E+00, 0.0000000000E+00,
1.822917E-01, 4.4822710000E+01, -8.5759900000E+01, -7.2419730000E+01, 2.7410770000E+00, -6.8378430000E-01, 1.0862440000E+01, 0.0000000000E+00, 0.0000000000E+00, 0.0000000000E+00,
1.833333E-01, 4.4833040000E+01, -8.5994860000E+01, -7.1938770000E+01, 2.6810000000E+00, -6.9517280000E-01, 1.0804800000E+01, 0.0000000000E+00, 0.0000000000E+00, 0.0000000000E+00,
1.843750E-01, 4.4843040000E+01, -8.6225210000E+01, -7.1458080000E+01, 2.6209870000E+00, -7.0531790000E-01, 1.0745880000E+01, 0.0000000000E+00, 0.0000000000E+00, 0.0000000000E+00,
1.854167E-01, 4.4852710000E+01, -8.6450950000E+01, -7.0977720000E+01, 2.5610590000E+00, -7.1422930000E-01, 1.0685710000E+01, 0.0000000000E+00, 0.0000000000E+00, 0.0000000000E+00,
1.864583E-01, 4.4862080000E+01, -8.6672080000E+01, -7.0497760000E+01, 2.5012370000E+00, -7.2191770000E-01, 1.0624320000E+01, 0.0000000000E+00, 0.0000000000E+00, 0.0000000000E+00,
1.875000E-01, 4.4871160000E+01, -8.6888590000E+01, -7.0018270000E+01, 2.4415420000E+00, -7.2839410000E-01, 1.0561730000E+01, 0.0000000000E+00, 0.0000000000E+00, 0.0000000000E+00,
1.885417E-01, 4.4879970000E+01, -8.7100470000E+01, -6.9539310000E+01, 2.3819930000E+00, -7.3367040000E-01, 1.0497980000E+01, 0.0000000000E+00, 0.0000000000E+00, 0.0000000000E+00,
1.895833E-01, 4.4888510000E+01, -8.7307740000E+01, -6.9060950000E+01, 2.3226090000E+00, -7.3775930000E-01, 1.0433080000E+01, 0.0000000000E+00, 0.0000000000E+00, 0.0000000000E+00,
1.906250E-01, 4.4896800000E+01, -8.7510370000E+01, -6.8583250000E+01, 2.2634090000E+00, -7.4067370000E-01, 1.0367070000E+01, 0.0000000000E+00, 0.0000000000E+00, 0.0000000000E+00,
1.916667E-01, 4.4904860000E+01, -8.7708370000E+01, -6.8106280000E+01, 2.2044110000E+00, -7.4242750000E-01, 1.0299970000E+01, 0.0000000000E+00, 0.0000000000E+00, 0.0000000000E+00,
1.927083E-01, 4.4912690000E+01, -8.7901740000E+01, -6.7630090000E+01, 2.1456320000E+00, -7.4303490000E-01, 1.0231810000E+01, 0.0000000000E+00, 0.0000000000E+00, 0.0000000000E+00,
1.937500E-01, 4.4920320000E+01, -8.8090470000E+01, -6.7154740000E+01, 2.0870910000E+00, -7.4251080000E-01, 1.0162610000E+01, 0.0000000000E+00, 0.0000000000E+00, 0.0000000000E+00,
1.947917E-01, 4.4927740000E+01, -8.8274570000E+01, -6.6680300000E+01, 2.0288020000E+00, -7.4087060000E-01, 1.0092400000E+01, 0.0000000000E+00, 0.0000000000E+00, 0.0000000000E+00,
1.958333E-01, 4.4934980000E+01, -8.8454030000E+01, -6.6206810000E+01, 1.9707820000E+00, -7.3813010000E-01, 1.0021210000E+01, 0.0000000000E+00, 0.0000000000E+00, 0.0000000000E+00,
1.968750E-01, 4.4942030000E+01, -8.8628850000E+01, -6.5734350000E+01, 1.9130450000E+00, -7.3430560000E-01, 9.9490620000E+00, 0.0000000000E+00, 0.0000000000E+00, 0.0000000000E+00,
1.979167E-01, 4.4948920000E+01, -8.8799030000E+01, -6.5262960000E+01, 1.8556070000E+00, -7.2941390000E-01, 9.8759790000E+00, 0.0000000000E+00, 0.0000000000E+00, 0.0000000000E+00,
1.989583E-01, 4.4955640000E+01, -8.8964570000E+01, -6.4792690000E+01, 1.7984810000E+00, -7.2347210000E-01, 9.8019880000E+00, 0.0000000000E+00, 0.0000000000E+00, 0.0000000000E+00,
2.000000E-01, 4.4962220000E+01, -8.9125480000E+01, -6.4323600000E+01, 1.7416800000E+00, -7.1649780000E-01, 9.7271140000E+00, 0.0000000000E+00, 0.0000000000E+00, 0.0000000000E+00,
2.010417E-01, 4.4968640000E+01, -8.9281750000E+01, -6.3855750000E+01, 1.6852170000E+00, -7.0850900000E-01, 9.6513820000E+00, 0.0000000000E+00, 0.0000000000E+00, 0.0000000000E+00,
2.020833E-01, 4.4974940000E+01, -8.9433390000E+01, -6.3389180000E+01, 1.6291040000E+00, -6.9952390000E-01, 9.5748170000E+00, 0.0000000000E+00, 0.0000000000E+00, 0.0000000000E+00,
2.031250E-01, 4.4981100000E+01, -8.9580390000E+01, -6.2923930000E+01, 1.5733520000E+00, -6.8956100000E-01, 9.4974440000E+00, 0.0000000000E+00, 0.0000000000E+00, 0.0000000000E+00,
2.041667E-01, 4.4987130000E+01, -8.9722760000E+01, -6.2460070000E+01, 1.5179720000E+00, -6.7863920000E-01, 9.4192850000E+00, 0.0000000000E+00, 0.0000000000E+00, 0.0000000000E+00,
2.052083E-01, 4.4993050000E+01, -8.9860510000E+01, -6.1997630000E+01, 1.4629740000E+00, -6.6677770000E-01, 9.3403670000E+00, 0.0000000000E+00, 0.0000000000E+00, 0.0000000000E+00,
2.062500E-01, 4.4998850000E+01, -8.9993630000E+01, -6.1536670000E+01, 1.4083670000E+00, -6.5399580000E-01, 9.2607120000E+00, 0.0000000000E+00, 0.0000000000E+00, 0.0000000000E+00,
2.072917E-01, 4.5004540000E+01, -9.0122130000E+01, -6.1077220000E+01, 1.3541600000E+00, -6.4031300000E-01, 9.1803450000E+00, 0.0000000000E+00, 0.0000000000E+00, 0.0000000000E+00,
2.083333E-01, 4.5010130000E+01, -9.0246010000E+01, -6.0619330000E+01, 1.3003610000E+00, -6.2574910000E-01, 9.0992880000E+00, 0.0000000000E+00, 0.0000000000E+00, 0.0000000000E+00,
2.093750E-01, 4.5015610000E+01, -9.0365280000E+01, -6.0163050000E+01, 1.2469770000E+00, -6.1032410000E-01, 9.0175670000E+00, 0.0000000000E+00, 0.0000000000E+00, 0.0000000000E+00,
2.104167E-01, 4.5020990000E+01, -9.0479930000E+01, -5.9708410000E+01, 1.1940160000E+00, -5.9405800000E-01, 8.9352020000E+00, 0.0000000000E+00, 0.0000000000E+00, 0.0000000000E+00,
2.114583E-01, 4.5026270000E+01, -9.0589990000E+01, -5.9255450000E+01, 1.1414830000E+00, -5.7697100000E-01, 8.8522190000E+00, 0.0000000000E+00, 0.0000000000E+00, 0.0000000000E+00,
2.125000E-01, 4.5031450000E+01, -9.0695440000E+01, -5.8804220000E+01, 1.0893840000E+00, -5.5908340000E-01, 8.7686390000E+00, 0.0000000000E+00, 0.0000000000E+00, 0.0000000000E+00,
2.135417E-01, 4.5036540000E+01, -9.0796290000E+01, -5.8354740000E+01, 1.0377240000E+00, -5.4041550000E-01, 8.6844860000E+00, 0.0000000000E+00, 0.0000000000E+00, 0.0000000000E+00,
2.145833E-01, 4.5041530000E+01, -9.0892560000E+01, -5.7907070000E+01, 9.8650730000E-01, -5.2098780000E-01, 8.5997810000E+00, 0.0000000000E+00, 0.0000000000E+00, 0.0000000000E+00,
2.156250E-01, 4.5046420000E+01, -9.0984240000E+01, -5.7461230000E+01, 9.3573790000E-01, -5.0082070000E-01, 8.5145480000E+00, 0.0000000000E+00, 0.0000000000E+00, 0.0000000000E+00,
2.166667E-01, 4.5051210000E+01, -9.1071340000E+01, -5.7017250000E+01, 8.8541890000E-01, -4.7993470000E-01, 8.4288090000E+00, 0.0000000000E+00, 0.0000000000E+00, 0.0000000000E+00,
2.177083E-01, 4.5055900000E+01, -9.1153880000E+01, -5.6575180000E+01, 8.3555290000E-01, -4.5835040000E-01, 8.3425850000E+00, 0.0000000000E+00, 0.0000000000E+00, 0.0000000000E+00,
2.187500E-01, 4.5060480000E+01, -9.1231840000E+01, -5.6135040000E+01, 7.8614190000E-01, -4.3608810000E-01, 8.2559000000E+00, 0.0000000000E+00, 0.0000000000E+00, 0.0000000000E+00,
2.197917E-01, 4.5064960000E+01, -9.1305250000E+01, -5.5696860000E+01, 7.3718760000E-01, -4.1316830000E-01, 8.1687740000E+00, 0.0000000000E+00, 0.0000000000E+00, 0.0000000000E+00,
2.208333E-01, 4.5069330000E+01, -9.1374110000E+01, -5.5260690000E+01, 6.8869090000E-01, -3.8961130000E-01, 8.0812290000E+00, 0.0000000000E+00, 0.0000000000E+00, 0.0000000000E+00,
2.218750E-01, 4.5073590000E+01, -9.1438430000E+01, -5.4826530000E+01, 6.4065230000E-01, -3.6543750000E-01, 7.9932870000E+00, 0.0000000000E+00, 0.0000000000E+00, 0.0000000000E+00,
2.229167E-01, 4.5077730000E+01, -9.1498210000E+01, -5.4394430000E+01, 5.9307170000E-01, -3.4066710000E-01, 7.9049690000E+00, 0.0000000000E+00, 0.0000000000E+00, 0.0000000000E+00,
2.239583E-01, 4.5081740000E+01, -9.1553470000E+01, -5.3964410000E+01, 5.4594870000E-01, -3.1532020000E-01, 7.8162970000E+00, 0.0000000000E+00, 0.0000000000E+00, 0.0000000000E+00,
2.250000E-01, 4.5085630000E+01, -9.1604210000E+01, -5.3536490000E+01, 4.9928210000E-01, -2.8941680000E-01, 7.7272910000E+00, 0.0000000000E+00, 0.0000000000E+00, 0.0000000000E+00,
2.260417E-01, 4.5089370000E+01, -9.1650440000E+01, -5.3110700000E+01, 4.5307060000E-01, -2.6297670000E-01, 7.6379730000E+00, 0.0000000000E+00, 0.0000000000E+00, 0.0000000000E+00,
2.270833E-01, 4.5092980000E+01, -9.1692170000E+01, -5.2687070000E+01, 4.0731230000E-01, -2.3601970000E-01, 7.5483630000E+00, 0.0000000000E+00, 0.0000000000E+00, 0.0000000000E+00,
2.281250E-01, 4.5096440000E+01, -9.1729410000E+01, -5.2265620000E+01, 3.6200460000E-01, -2.0856550000E-01, 7.4584820000E+00, 0.0000000000E+00, 0.0000000000E+00, 0.0000000000E+00,
2.291667E-01, 4.5099730000E+01, -9.1762170000E+01, -5.1846370000E+01, 3.1714500000E-01, -1.8063330000E-01, 7.3683520000E+00, 0.0000000000E+00, 0.0000000000E+00, 0.0000000000E+00,
2.302083E-01, 4.5102870000E+01, -9.1790450000E+01, -5.1429330000E+01, 2.7273020000E-01, -1.5224250000E-01, 7.2779910000E+00, 0.0000000000E+00, 0.0000000000E+00, 0.0000000000E+00,
2.312500E-01, 4.5105820000E+01, -9.1814280000E+01, -5.1014540000E+01, 2.2875660000E-01, -1.2341200000E-01, 7.1874220000E+00, 0.0000000000E+00, 0.0000000000E+00, 0.0000000000E+00,
2.322917E-01, 4.5108590000E+01, -9.1833660000E+01, -5.0602010000E+01, 1.8522040000E-01, -9.4160860000E-02, 7.0966630000E+00, 0.0000000000E+00, 0.0000000000E+00, 0.0000000000E+00,
2.333333E-01, 4.5111160000E+01, -9.1848600000E+01, -5.0191760000E+01, 1.4211710000E-01, -6.4507570000E-02, 7.0057350000E+00, 0.0000000000E+00, 0.0000000000E+00, 0.0000000000E+00,
2.343750E-01, 4.5113530000E+01, -9.1859110000E+01, -4.9783800000E+01, 9.9442110000E-02, -3.4470610000E-02, 6.9146590000E+00, 0.0000000000E+00, 0.0000000000E+00, 0.0000000000E+00,
2.354167E-01, 4.5115680000E+01, -9.1865210000E+01, -4.9378150000E+01, 5.7190540000E-02, -4.0682020000E-03, 6.8234530000E+00, 0.0000000000E+00, 0.0000000000E+00, 0.0000000000E+00,
2.364583E-01, 4.5117600000E+01, -9.1866910000E+01, -4.8974830000E+01, 1.5357080000E-02, 2.6681680000E-02, 6.7321390000E+00, 0.0000000000E+00, 0.0000000000E+00, 0.0000000000E+00,
2.375000E-01, 4.5119280000E+01, -9.1864210000E+01, -4.8573860000E+01, -2.6063840000E-02, 5.7761280000E-02, 6.6407350000E+00, 0.0000000000E+00, 0.0000000000E+00, 0.0000000000E+00,
2.385417E-01, 4.5120710000E+01, -9.1857140000E+01, -4.8175240000E+01, -6.7078060000E-02, 8.9153100000E-02, 6.5492610000E+00, 0.0000000000E+00, 0.0000000000E+00, 0.0000000000E+00,
2.395833E-01, 4.5121870000E+01, -9.1845710000E+01, -4.7778980000E+01, -1.0769170000E-01, 1.2083990000E-01, 6.4577360000E+00, 0.0000000000E+00, 0.0000000000E+00, 0.0000000000E+00,
2.406250E-01, 4.5122750000E+01, -9.1829920000E+01, -4.7385110000E+01, -1.4791110000E-01, 1.5280460000E-01, 6.3661810000E+00, 0.0000000000E+00, 0.0000000000E+00, 0.0000000000E+00,
2.416667E-01, 4.5123340000E+01, -9.1809790000E+01, -4.6993630000E+01, -1.8774280000E-01, 1.8503060000E-01, 6.2746140000E+00, 0.0000000000E+00, 0.0000000000E+00, 0.0000000000E+00,
2.427083E-01, 4.5123610000E+01, -9.1785350000E+01, -4.6604550000E+01, -2.2719360000E-01, 2.1750130000E-01, 6.1830540000E+00, 0.0000000000E+00, 0.0000000000E+00, 0.0000000000E+00,
2.437500E-01, 4.5123560000E+01, -9.1756590000E+01, -4.6217880000E+01, -2.6627050000E-01, 2.5020050000E-01, 6.0915210000E+00, 0.0000000000E+00, 0.0000000000E+00, 0.0000000000E+00,
2.447917E-01, 4.5123180000E+01, -9.1723540000E+01, -4.5833630000E+01, -3.0498060000E-01, 2.8311220000E-01, 6.0000330000E+00, 0.0000000000E+00, 0.0000000000E+00, 0.0000000000E+00,
2.458333E-01, 4.5122430000E+01, -9.1686220000E+01, -4.5451810000E+01, -3.4333140000E-01, 3.1622090000E-01, 5.9086090000E+00, 0.0000000000E+00, 0.0000000000E+00, 0.0000000000E+00,
2.468750E-01, 4.5121320000E+01, -9.1644630000E+01, -4.5072420000E+01, -3.8133020000E-01, 3.4951100000E-01, 5.8172680000E+00, 0.0000000000E+00, 0.0000000000E+00, 0.0000000000E+00,
2.479167E-01, 4.5119820000E+01, -9.1598790000E+01, -4.4695470000E+01, -4.1898470000E-01, 3.8296760000E-01, 5.7260290000E+00, 0.0000000000E+00, 0.0000000000E+00, 0.0000000000E+00,
2.489583E-01, 4.5117920000E+01, -9.1548730000E+01, -4.4320970000E+01, -4.5630260000E-01, 4.1657560000E-01, 5.6349100000E+00, 0.0000000000E+00, 0.0000000000E+00, 0.0000000000E+00,
2.500000E-01, 4.5115590000E+01, -9.1494460000E+01, -4.3948920000E+01, -4.9329170000E-01, 4.5032060000E-01, 5.5439290000E+00, 0.0000000000E+00, 0.0000000000E+00, 0.0000000000E+00,
2.510417E-01, 4.5112820000E+01, -9.1435990000E+01, -4.3579330000E+01, -5.2996010000E-01, 4.8418830000E-01, 5.4531040000E+00, 0.0000000000E+00, 0.0000000000E+00, 0.0000000000E+00,
2.520833E-01, 4.5109600000E+01, -9.1373340000E+01, -4.3212190000E+01, -5.6631560000E-01, 5.1816470000E-01, 5.3624540000E+00, 0.0000000000E+00, 0.0000000000E+00, 0.0000000000E+00,
2.531250E-01, 4.5105900000E+01, -9.1306540000E+01, -4.2847520000E+01, -6.0236650000E-01, 5.5223600000E-01, 5.2719970000E+00, 0.0000000000E+00, 0.0000000000E+00, 0.0000000000E+00,
2.541667E-01, 4.5101700000E+01, -9.1235590000E+01, -4.2485310000E+01, -6.3812070000E-01, 5.8638880000E-01, 5.1817510000E+00, 0.0000000000E+00, 0.0000000000E+00, 0.0000000000E+00,
2.552083E-01, 4.5097000000E+01, -9.1160530000E+01, -4.2125560000E+01, -6.7358650000E-01, 6.2060990000E-01, 5.0917330000E+00, 0.0000000000E+00, 0.0000000000E+00, 0.0000000000E+00,
2.562500E-01, 4.5091750000E+01, -9.1081370000E+01, -4.1768280000E+01, -7.0877210000E-01, 6.5488650000E-01, 5.0019610000E+00, 0.0000000000E+00, 0.0000000000E+00, 0.0000000000E+00,
2.572917E-01, 4.5085960000E+01, -9.0998120000E+01, -4.1413470000E+01, -7.4368570000E-01, 6.8920600000E-01, 4.9124520000E+00, 0.0000000000E+00, 0.0000000000E+00, 0.0000000000E+00,
2.583333E-01, 4.5079590000E+01, -9.0910820000E+01, -4.1061120000E+01, -7.7833550000E-01, 7.2355600000E-01, 4.8232240000E+00, 0.0000000000E+00, 0.0000000000E+00, 0.0000000000E+00,
2.593750E-01, 4.5072630000E+01, -9.0819480000E+01, -4.0711240000E+01, -8.1272960000E-01, 7.5792450000E-01, 4.7342940000E+00, 0.0000000000E+00, 0.0000000000E+00, 0.0000000000E+00,
2.604167E-01, 4.5065060000E+01, -9.0724120000E+01, -4.0363820000E+01, -8.4687640000E-01, 7.9229970000E-01, 4.6456790000E+00, 0.0000000000E+00, 0.0000000000E+00, 0.0000000000E+00,
2.614583E-01, 4.5056850000E+01, -9.0624770000E+01, -4.0018860000E+01, -8.8078380000E-01, 8.2667010000E-01, 4.5573960000E+00, 0.0000000000E+00, 0.0000000000E+00, 0.0000000000E+00,
2.625000E-01, 4.5047990000E+01, -9.0521450000E+01, -3.9676360000E+01, -9.1446010000E-01, 8.6102450000E-01, 4.4694620000E+00, 0.0000000000E+00, 0.0000000000E+00, 0.0000000000E+00,
2.635417E-01, 4.5038450000E+01, -9.0414170000E+01, -3.9336310000E+01, -9.4791320000E-01, 8.9535180000E-01, 4.3818930000E+00, 0.0000000000E+00, 0.0000000000E+00, 0.0000000000E+00,
2.645833E-01, 4.5028210000E+01, -9.0302980000E+01, -3.8998720000E+01, -9.8115130000E-01, 9.2964160000E-01, 4.2947060000E+00, 0.0000000000E+00, 0.0000000000E+00, 0.0000000000E+00,
2.656250E-01, 4.5017260000E+01, -9.0187880000E+01, -3.8663570000E+01, -1.0141820000E+00, 9.6388320000E-01, 4.2079160000E+00, 0.0000000000E+00, 0.0000000000E+00, 0.0000000000E+00,
2.666667E-01, 4.5005560000E+01, -9.0068910000E+01, -3.8330860000E+01, -1.0470130000E+00, 9.9806650000E-01, 4.1215410000E+00, 0.0000000000E+00, 0.0000000000E+00, 0.0000000000E+00,
2.677083E-01, 4.4993100000E+01, -8.9946080000E+01, -3.8000590000E+01, -1.0796530000E+00, 1.0321820000E+00, 4.0355960000E+00, 0.0000000000E+00, 0.0000000000E+00, 0.0000000000E+00,
2.687500E-01, 4.4979850000E+01, -8.9819430000E+01, -3.7672760000E+01, -1.1121090000E+00, 1.0662190000E+00, 3.9500960000E+00, 0.0000000000E+00, 0.0000000000E+00, 0.0000000000E+00,
2.697917E-01, 4.4965800000E+01, -8.9688980000E+01, -3.7347350000E+01, -1.1443880000E+00, 1.1001690000E+00, 3.8650580000E+00, 0.0000000000E+00, 0.0000000000E+00, 0.0000000000E+00,
2.708333E-01, 4.4950920000E+01, -8.9554760000E+01, -3.7024360000E+01, -1.1764990000E+00, 1.1340230000E+00, 3.7804960000E+00, 0.0000000000E+00, 0.0000000000E+00, 0.0000000000E+00,
2.718750E-01, 4.4935180000E+01, -8.9416800000E+01, -3.6703780000E+01, -1.2084470000E+00, 1.1677720000E+00, 3.6964260000E+00, 0.0000000000E+00, 0.0000000000E+00, 0.0000000000E+00,
2.729167E-01, 4.4918570000E+01, -8.9275120000E+01, -3.6385600000E+01, -1.2402420000E+00, 1.2014060000E+00, 3.6128620000E+00, 0.0000000000E+00, 0.0000000000E+00, 0.0000000000E+00,
2.739583E-01, 4.4901070000E+01, -8.9129750000E+01, -3.6069830000E+01, -1.2718880000E+00, 1.2349190000E+00, 3.5298200000E+00, 0.0000000000E+00, 0.0000000000E+00, 0.0000000000E+00,
2.750000E-01, 4.4882640000E+01, -8.8980720000E+01, -3.5756440000E+01, -1.3033940000E+00, 1.2683000000E+00, 3.4473130000E+00, 0.0000000000E+00, 0.0000000000E+00, 0.0000000000E+00,
2.760417E-01, 4.4863270000E+01, -8.8828060000E+01, -3.5445440000E+01, -1.3347670000E+00, 1.3015440000E+00, 3.3653570000E+00, 0.0000000000E+00, 0.0000000000E+00, 0.0000000000E+00,
2.770833E-01, 4.4842930000E+01, -8.8671800000E+01, -3.5136810000E+01, -1.3660120000E+00, 1.3346410000E+00, 3.2839640000E+00, 0.0000000000E+00, 0.0000000000E+00, 0.0000000000E+00,
2.781250E-01, 4.4821600000E+01, -8.8511980000E+01, -3.4830540000E+01, -1.3971360000E+00, 1.3675850000E+00, 3.2031490000E+00, 0.0000000000E+00, 0.0000000000E+00, 0.0000000000E+00,
2.791667E-01, 4.4799270000E+01, -8.8348610000E+01, -3.4526630000E+01, -1.4281460000E+00, 1.4003680000E+00, 3.1229260000E+00, 0.0000000000E+00, 0.0000000000E+00, 0.0000000000E+00,
2.802083E-01, 4.4775890000E+01, -8.8181740000E+01, -3.4225060000E+01, -1.4590480000E+00, 1.4329840000E+00, 3.0433070000E+00, 0.0000000000E+00, 0.0000000000E+00, 0.0000000000E+00,
2.812500E-01, 4.4751460000E+01, -8.8011400000E+01, -3.3925840000E+01, -1.4898470000E+00, 1.4654250000E+00, 2.9643060000E+00, 0.0000000000E+00, 0.0000000000E+00, 0.0000000000E+00,
2.822917E-01, 4.4725950000E+01, -8.7837610000E+01, -3.3628940000E+01, -1.5205500000E+00, 1.4976850000E+00, 2.8859350000E+00, 0.0000000000E+00, 0.0000000000E+00, 0.0000000000E+00,
2.833333E-01, 4.4699340000E+01, -8.7660420000E+01, -3.3334350000E+01, -1.5511620000E+00, 1.5297570000E+00, 2.8082070000E+00, 0.0000000000E+00, 0.0000000000E+00, 0.0000000000E+00,
2.843750E-01, 4.4671590000E+01, -8.7479850000E+01, -3.3042080000E+01, -1.5816880000E+00, 1.5616360000E+00, 2.7311340000E+00, 0.0000000000E+00, 0.0000000000E+00, 0.0000000000E+00,
2.854167E-01, 4.4642700000E+01, -8.7295940000E+01, -3.2752100000E+01, -1.6121340000E+00, 1.5933150000E+00, 2.6547280000E+00, 0.0000000000E+00, 0.0000000000E+00, 0.0000000000E+00,
2.864583E-01, 4.4612640000E+01, -8.7108730000E+01, -3.2464400000E+01, -1.6425050000E+00, 1.6247890000E+00, 2.5790010000E+00, 0.0000000000E+00, 0.0000000000E+00, 0.0000000000E+00,
2.875000E-01, 4.4581380000E+01, -8.6918250000E+01, -3.2178980000E+01, -1.6728050000E+00, 1.6560520000E+00, 2.5039630000E+00, 0.0000000000E+00, 0.0000000000E+00, 0.0000000000E+00,
2.885417E-01, 4.4548900000E+01, -8.6724540000E+01, -3.1895830000E+01, -1.7030400000E+00, 1.6871000000E+00, 2.4296270000E+00, 0.0000000000E+00, 0.0000000000E+00, 0.0000000000E+00,
2.895833E-01, 4.4515190000E+01, -8.6527630000E+01, -3.1614920000E+01, -1.7332140000E+00, 1.7179260000E+00, 2.3560020000E+00, 0.0000000000E+00, 0.0000000000E+00, 0.0000000000E+00,
2.906250E-01, 4.4480210000E+01, -8.6327560000E+01, -3.1336270000E+01, -1.7633300000E+00, 1.7485270000E+00, 2.2830990000E+00, 0.0000000000E+00, 0.0000000000E+00, 0.0000000000E+00,
2.916667E-01, 4.4443940000E+01, -8.6124370000E+01, -3.1059840000E+01, -1.7933940000E+00, 1.7788960000E+00, 2.2109280000E+00, 0.0000000000E+00, 0.0000000000E+00, 0.0000000000E+00,
2.927083E-01, 4.4406370000E+01, -8.5918090000E+01, -3.0785630000E+01, -1.8234100000E+00, 1.8090310000E+00, 2.1395000000E+00, 0.0000000000E+00, 0.0000000000E+00, 0.0000000000E+00,
2.937500E-01, 4.4367470000E+01, -8.5708770000E+01, -3.0513630000E+01, -1.8533800000E+00, 1.8389260000E+00, 2.0688220000E+00, 0.0000000000E+00, 0.0000000000E+00, 0.0000000000E+00,
2.947917E-01, 4.4327230000E+01, -8.5496440000E+01, -3.0243830000E+01, -1.8833080000E+00, 1.8685770000E+00, 1.9989050000E+00, 0.0000000000E+00, 0.0000000000E+00, 0.0000000000E+00,
2.958333E-01, 4.4285610000E+01, -8.5281150000E+01, -2.9976210000E+01, -1.9131990000E+00, 1.8979810000E+00, 1.9297570000E+00, 0.0000000000E+00, 0.0000000000E+00, 0.0000000000E+00,
2.968750E-01, 4.4242590000E+01, -8.5062920000E+01, -2.9710770000E+01, -1.9430540000E+00, 1.9271340000E+00, 1.8613860000E+00, 0.0000000000E+00, 0.0000000000E+00, 0.0000000000E+00,
2.979167E-01, 4.4198160000E+01, -8.4841810000E+01, -2.9447490000E+01, -1.9728770000E+00, 1.9560310000E+00, 1.7938010000E+00, 0.0000000000E+00, 0.0000000000E+00, 0.0000000000E+00,
2.989583E-01, 4.4152300000E+01, -8.4617850000E+01, -2.9186360000E+01, -2.0026700000E+00, 1.9846710000E+00, 1.7270080000E+00, 0.0000000000E+00, 0.0000000000E+00, 0.0000000000E+00,
3.000000E-01, 4.4104980000E+01, -8.4391090000E+01, -2.8927370000E+01, -2.0324370000E+00, 2.0130480000E+00, 1.6610160000E+00, 0.0000000000E+00, 0.0000000000E+00, 0.0000000000E+00,
3.010417E-01, 4.4056190000E+01, -8.4161560000E+01, -2.8670510000E+01, -2.0621790000E+00, 2.0411620000E+00, 1.5958320000E+00, 0.0000000000E+00, 0.0000000000E+00, 0.0000000000E+00,
3.020833E-01, 4.4005900000E+01, -8.3929310000E+01, -2.8415760000E+01, -2.0918990000E+00, 2.0690080000E+00, 1.5314610000E+00, 0.0000000000E+00, 0.0000000000E+00, 0.0000000000E+00,
3.031250E-01, 4.3954090000E+01, -8.3694380000E+01, -2.8163120000E+01, -2.1215990000E+00, 2.0965840000E+00, 1.4679110000E+00, 0.0000000000E+00, 0.0000000000E+00, 0.0000000000E+00,
3.041667E-01, 4.3900740000E+01, -8.3456810000E+01, -2.7912580000E+01, -2.1512800000E+00, 2.1238870000E+00, 1.4051860000E+00, 0.0000000000E+00, 0.0000000000E+00, 0.0000000000E+00,
3.052083E-01, 4.3845840000E+01, -8.3216650000E+01, -2.7664110000E+01, -2.1809440000E+00, 2.1509150000E+00, 1.3432920000E+00, 0.0000000000E+00, 0.0000000000E+00, 0.0000000000E+00,
3.062500E-01, 4.3789370000E+01, -8.2973930000E+01, -2.7417720000E+01, -2.2105930000E+00, 2.1776670000E+00, 1.2822340000E+00, 0.0000000000E+00, 0.0000000000E+00, 0.0000000000E+00,
3.072917E-01, 4.3731300000E+01, -8.2728710000E+01, -2.7173390000E+01, -2.2402270000E+00, 2.2041390000E+00, 1.2220180000E+00, 0.0000000000E+00, 0.0000000000E+00, 0.0000000000E+00,
3.083333E-01, 4.3671630000E+01, -8.2481020000E+01, -2.6931100000E+01, -2.2698480000E+00, 2.2303300000E+00, 1.1626460000E+00, 0.0000000000E+00, 0.0000000000E+00, 0.0000000000E+00,
3.093750E-01, 4.3610320000E+01, -8.2230920000E+01, -2.6690850000E+01, -2.2994570000E+00, 2.2562380000E+00, 1.1041230000E+00, 0.0000000000E+00, 0.0000000000E+00, 0.0000000000E+00,
3.104167E-01, 4.3547360000E+01, -8.1978430000E+01, -2.6452630000E+01, -2.3290540000E+00, 2.2818620000E+00, 1.0464530000E+00, 0.0000000000E+00, 0.0000000000E+00, 0.0000000000E+00,
3.114583E-01, 4.3482740000E+01, -8.1723620000E+01, -2.6216420000E+01, -2.3586400000E+00, 2.3072010000E+00, 9.8963800000E-01, 0.0000000000E+00, 0.0000000000E+00, 0.0000000000E+00,
3.125000E-01, 4.3416440000E+01, -8.1466520000E+01, -2.5982220000E+01, -2.3882160000E+00, 2.3322530000E+00, 9.3368090000E-01, 0.0000000000E+00, 0.0000000000E+00, 0.0000000000E+00,
3.135417E-01, 4.3348440000E+01, -8.1207180000E+01, -2.5750010000E+01, -2.4177810000E+00, 2.3570160000E+00, 8.7858410000E-01, 0.0000000000E+00, 0.0000000000E+00, 0.0000000000E+00,
3.145833E-01, 4.3278720000E+01, -8.0945640000E+01, -2.5519780000E+01, -2.4473350000E+00, 2.3814910000E+00, 8.2434930000E-01, 0.0000000000E+00, 0.0000000000E+00, 0.0000000000E+00,
3.156250E-01, 4.3207270000E+01, -8.0681950000E+01, -2.5291530000E+01, -2.4768790000E+00, 2.4056770000E+00, 7.7097800000E-01, 0.0000000000E+00, 0.0000000000E+00, 0.0000000000E+00,
3.166667E-01, 4.3134080000E+01, -8.0416150000E+01, -2.5065230000E+01, -2.5064120000E+00, 2.4295720000E+00, 7.1847120000E-01, 0.0000000000E+00, 0.0000000000E+00, 0.0000000000E+00,
3.177083E-01, 4.3059120000E+01, -8.0148300000E+01, -2.4840890000E+01, -2.5359340000E+00, 2.4531770000E+00, 6.6682950000E-01, 0.0000000000E+00, 0.0000000000E+00, 0.0000000000E+00,
3.187500E-01, 4.2982390000E+01, -7.9878430000E+01, -2.4618490000E+01, -2.5654430000E+00, 2.4764910000E+00, 6.1605310000E-01, 0.0000000000E+00, 0.0000000000E+00, 0.0000000000E+00,
3.197917E-01, 4.2903870000E+01, -7.9606590000E+01, -2.4398020000E+01, -2.5949400000E+00, 2.4995130000E+00, 5.6614190000E-01, 0.0000000000E+00, 0.0000000000E+00, 0.0000000000E+00,
3.208333E-01, 4.2823540000E+01, -7.9332830000E+01, -2.4179470000E+01, -2.6244240000E+00, 2.5222450000E+00, 5.1709520000E-01, 0.0000000000E+00, 0.0000000000E+00, 0.0000000000E+00,
3.218750E-01, 4.2741400000E+01, -7.9057190000E+01, -2.3962830000E+01, -2.6538920000E+00, 2.5446860000E+00, 4.6891210000E-01, 0.0000000000E+00, 0.0000000000E+00, 0.0000000000E+00,
3.229167E-01, 4.2657430000E+01, -7.8779720000E+01, -2.3748090000E+01, -2.6833450000E+00, 2.5668350000E+00, 4.2159130000E-01, 0.0000000000E+00, 0.0000000000E+00, 0.0000000000E+00,
3.239583E-01, 4.2571610000E+01, -7.8500460000E+01, -2.3535250000E+01, -2.7127810000E+00, 2.5886950000E+00, 3.7513090000E-01, 0.0000000000E+00, 0.0000000000E+00, 0.0000000000E+00,
3.250000E-01, 4.2483930000E+01, -7.8219460000E+01, -2.3324280000E+01, -2.7421980000E+00, 2.6102650000E+00, 3.2952880000E-01, 0.0000000000E+00, 0.0000000000E+00, 0.0000000000E+00,
3.260417E-01, 4.2394390000E+01, -7.7936770000E+01, -2.3115190000E+01, -2.7715950000E+00, 2.6315460000E+00, 2.8478240000E-01, 0.0000000000E+00, 0.0000000000E+00, 0.0000000000E+00,
3.270833E-01, 4.2302970000E+01, -7.7652430000E+01, -2.2907960000E+01, -2.8009710000E+00, 2.6525390000E+00, 2.4088890000E-01, 0.0000000000E+00, 0.0000000000E+00, 0.0000000000E+00,
3.281250E-01, 4.2209660000E+01, -7.7366480000E+01, -2.2702590000E+01, -2.8303220000E+00, 2.6732440000E+00, 1.9784490000E-01, 0.0000000000E+00, 0.0000000000E+00, 0.0000000000E+00,
3.291667E-01, 4.2114450000E+01, -7.7078970000E+01, -2.2499060000E+01, -2.8596480000E+00, 2.6936630000E+00, 1.5564670000E-01, 0.0000000000E+00, 0.0000000000E+00, 0.0000000000E+00,
3.302083E-01, 4.2017330000E+01, -7.6789950000E+01, -2.2297370000E+01, -2.8889470000E+00, 2.7137970000E+00, 1.1429030000E-01, 0.0000000000E+00, 0.0000000000E+00, 0.0000000000E+00,
3.312500E-01, 4.1918300000E+01, -7.6499470000E+01, -2.2097510000E+01, -2.9182150000E+00, 2.7336480000E+00, 7.3771320000E-02, 0.0000000000E+00, 0.0000000000E+00, 0.0000000000E+00,
3.322917E-01, 4.1817330000E+01, -7.6207550000E+01, -2.1899470000E+01, -2.9474520000E+00, 2.7532170000E+00, 3.4084930000E-02, 0.0000000000E+00, 0.0000000000E+00, 0.0000000000E+00,
3.333333E-01, 4.1714430000E+01, -7.5914260000E+01, -2.1703240000E+01, -2.9766540000E+00, 2.7725050000E+00, -4.7739870000E-03, 0.0000000000E+00, 0.0000000000E+00, 0.0000000000E+00,
3.343750E-01, 4.1609590000E+01, -7.5619630000E+01, -2.1508810000E+01, -3.0058190000E+00, 2.7915140000E+00, -4.2810890000E-02, 0.0000000000E+00, 0.0000000000E+00, 0.0000000000E+00,
3.354167E-01, 4.1502790000E+01, -7.5323710000E+01, -2.1316180000E+01, -3.0349450000E+00, 2.8102470000E+00, -8.0031590000E-02, 0.0000000000E+00, 0.0000000000E+00, 0.0000000000E+00,
3.364583E-01, 4.1394040000E+01, -7.5026540000E+01, -2.1125340000E+01, -3.0640290000E+00, 2.8287040000E+00, -1.1644220000E-01, 0.0000000000E+00, 0.0000000000E+00, 0.0000000000E+00,
3.375000E-01, 4.1283320000E+01, -7.4728170000E+01, -2.0936270000E+01, -3.0930670000E+00, 2.8468890000E+00, -1.5204930000E-01, 0.0000000000E+00, 0.0000000000E+00, 0.0000000000E+00,
3.385417E-01, 4.1170630000E+01, -7.4428630000E+01, -2.0748980000E+01, -3.1220590000E+00, 2.8648030000E+00, -1.8685960000E-01, 0.0000000000E+00, 0.0000000000E+00, 0.0000000000E+00,
3.395833E-01, 4.1055970000E+01, -7.4127970000E+01, -2.0563460000E+01, -3.1509990000E+00, 2.8824500000E+00, -2.2088010000E-01, 0.0000000000E+00, 0.0000000000E+00, 0.0000000000E+00,
3.406250E-01, 4.0939330000E+01, -7.3826240000E+01, -2.0379690000E+01, -3.1798860000E+00, 2.8998300000E+00, -2.5411840000E-01, 0.0000000000E+00, 0.0000000000E+00, 0.0000000000E+00,
3.416667E-01, 4.0820700000E+01, -7.3523460000E+01, -2.0197670000E+01, -3.2087170000E+00, 2.9169470000E+00, -2.8658210000E-01, 0.0000000000E+00, 0.0000000000E+00, 0.0000000000E+00,
3.427083E-01, 4.0700080000E+01, -7.3219700000E+01, -2.0017400000E+01, -3.2374880000E+00, 2.9338040000E+00, -3.1827920000E-01, 0.0000000000E+00, 0.0000000000E+00, 0.0000000000E+00,
3.437500E-01, 4.0577470000E+01, -7.2914980000E+01, -1.9838860000E+01, -3.2661950000E+00, 2.9504030000E+00, -3.4921800000E-01, 0.0000000000E+00, 0.0000000000E+00, 0.0000000000E+00,
3.447917E-01, 4.0452870000E+01, -7.2609340000E+01, -1.9662050000E+01, -3.2948370000E+00, 2.9667470000E+00, -3.7940690000E-01, 0.0000000000E+00, 0.0000000000E+00, 0.0000000000E+00,
3.458333E-01, 4.0326260000E+01, -7.2302840000E+01, -1.9486960000E+01, -3.3234090000E+00, 2.9828400000E+00, -4.0885480000E-01, 0.0000000000E+00, 0.0000000000E+00, 0.0000000000E+00,
3.468750E-01, 4.0197660000E+01, -7.1995490000E+01, -1.9313600000E+01, -3.3519090000E+00, 2.9986840000E+00, -4.3757060000E-01, 0.0000000000E+00, 0.0000000000E+00, 0.0000000000E+00,
3.479167E-01, 4.0067060000E+01, -7.1687360000E+01, -1.9141940000E+01, -3.3803320000E+00, 3.0142820000E+00, -4.6556380000E-01, 0.0000000000E+00, 0.0000000000E+00, 0.0000000000E+00,
3.489583E-01, 3.9934460000E+01, -7.1378460000E+01, -1.8971980000E+01, -3.4086760000E+00, 3.0296390000E+00, -4.9284370000E-01, 0.0000000000E+00, 0.0000000000E+00, 0.0000000000E+00,
3.500000E-01, 3.9799850000E+01, -7.1068850000E+01, -1.8803730000E+01, -3.4369360000E+00, 3.0447570000E+00, -5.1942010000E-01, 0.0000000000E+00, 0.0000000000E+00, 0.0000000000E+00,
3.510417E-01, 3.9663250000E+01, -7.0758550000E+01, -1.8637160000E+01, -3.4651100000E+00, 3.0596390000E+00, -5.4530290000E-01, 0.0000000000E+00, 0.0000000000E+00, 0.0000000000E+00,
3.520833E-01, 3.9524640000E+01, -7.0447600000E+01, -1.8472290000E+01, -3.4931940000E+00, 3.0742910000E+00, -5.7050220000E-01, 0.0000000000E+00, 0.0000000000E+00, 0.0000000000E+00,
3.531250E-01, 3.9384030000E+01, -7.0136050000E+01, -1.8309090000E+01, -3.5211830000E+00, 3.0887140000E+00, -5.9502840000E-01, 0.0000000000E+00, 0.0000000000E+00, 0.0000000000E+00,
3.541667E-01, 3.9241430000E+01, -6.9823920000E+01, -1.8147570000E+01, -3.5490760000E+00, 3.1029130000E+00, -6.1889180000E-01, 0.0000000000E+00, 0.0000000000E+00, 0.0000000000E+00,
3.552083E-01, 3.9096830000E+01, -6.9511250000E+01, -1.7987710000E+01, -3.5768670000E+00, 3.1168930000E+00, -6.4210320000E-01, 0.0000000000E+00, 0.0000000000E+00, 0.0000000000E+00,
3.562500E-01, 3.8950240000E+01, -6.9198070000E+01, -1.7829520000E+01, -3.6045530000E+00, 3.1306560000E+00, -6.6467330000E-01, 0.0000000000E+00, 0.0000000000E+00, 0.0000000000E+00,
3.572917E-01, 3.8801650000E+01, -6.8884420000E+01, -1.7672990000E+01, -3.6321310000E+00, 3.1442070000E+00, -6.8661310000E-01, 0.0000000000E+00, 0.0000000000E+00, 0.0000000000E+00,
3.583333E-01, 3.8651080000E+01, -6.8570330000E+01, -1.7518110000E+01, -3.6595970000E+00, 3.1575500000E+00, -7.0793360000E-01, 0.0000000000E+00, 0.0000000000E+00, 0.0000000000E+00,
3.593750E-01, 3.8498530000E+01, -6.8255830000E+01, -1.7364880000E+01, -3.6869470000E+00, 3.1706890000E+00, -7.2864590000E-01, 0.0000000000E+00, 0.0000000000E+00, 0.0000000000E+00,
3.604167E-01, 3.8344000000E+01, -6.7940960000E+01, -1.7213300000E+01, -3.7141770000E+00, 3.1836280000E+00, -7.4876150000E-01, 0.0000000000E+00, 0.0000000000E+00, 0.0000000000E+00,
3.614583E-01, 3.8187500000E+01, -6.7625730000E+01, -1.7063350000E+01, -3.7412840000E+00, 3.1963730000E+00, -7.6829160000E-01, 0.0000000000E+00, 0.0000000000E+00, 0.0000000000E+00,
3.625000E-01, 3.8029040000E+01, -6.7310190000E+01, -1.6915040000E+01, -3.7682630000E+00, 3.2089270000E+00, -7.8724760000E-01, 0.0000000000E+00, 0.0000000000E+00, 0.0000000000E+00,
3.635417E-01, 3.7868610000E+01, -6.6994360000E+01, -1.6768350000E+01, -3.7951120000E+00, 3.2212940000E+00, -8.0564120000E-01, 0.0000000000E+00, 0.0000000000E+00, 0.0000000000E+00,
3.645833E-01, 3.7706230000E+01, -6.6678270000E+01, -1.6623290000E+01, -3.8218270000E+00, 3.2334800000E+00, -8.2348380000E-01, 0.0000000000E+00, 0.0000000000E+00, 0.0000000000E+00,
3.656250E-01, 3.7541900000E+01, -6.6361950000E+01, -1.6479850000E+01, -3.8484030000E+00, 3.2454880000E+00, -8.4078720000E-01, 0.0000000000E+00, 0.0000000000E+00, 0.0000000000E+00,
3.666667E-01, 3.7375630000E+01, -6.6045420000E+01, -1.6338020000E+01, -3.8748370000E+00, 3.2573250000E+00, -8.5756290000E-01, 0.0000000000E+00, 0.0000000000E+00, 0.0000000000E+00,
3.677083E-01, 3.7207430000E+01, -6.5728710000E+01, -1.6197810000E+01, -3.9011250000E+00, 3.2689930000E+00, -8.7382270000E-01, 0.0000000000E+00, 0.0000000000E+00, 0.0000000000E+00,
3.687500E-01, 3.7037300000E+01, -6.5411850000E+01, -1.6059200000E+01, -3.9272640000E+00, 3.2804980000E+00, -8.8957820000E-01, 0.0000000000E+00, 0.0000000000E+00, 0.0000000000E+00,
3.697917E-01, 3.6865260000E+01, -6.5094850000E+01, -1.5922190000E+01, -3.9532510000E+00, 3.2918460000E+00, -9.0484120000E-01, 0.0000000000E+00, 0.0000000000E+00, 0.0000000000E+00,
3.708333E-01, 3.6691320000E+01, -6.4777750000E+01, -1.5786780000E+01, -3.9790800000E+00, 3.3030400000E+00, -9.1962320000E-01, 0.0000000000E+00, 0.0000000000E+00, 0.0000000000E+00,
3.718750E-01, 3.6515480000E+01, -6.4460570000E+01, -1.5652970000E+01, -4.0047490000E+00, 3.3140850000E+00, -9.3393590000E-01, 0.0000000000E+00, 0.0000000000E+00, 0.0000000000E+00,
3.729167E-01, 3.6337750000E+01, -6.4143320000E+01, -1.5520750000E+01, -4.0302550000E+00, 3.3249870000E+00, -9.4779110000E-01, 0.0000000000E+00, 0.0000000000E+00, 0.0000000000E+00,
3.739583E-01, 3.6158150000E+01, -6.3826030000E+01, -1.5390110000E+01, -4.0555930000E+00, 3.3357500000E+00, -9.6120020000E-01, 0.0000000000E+00, 0.0000000000E+00, 0.0000000000E+00,
3.750000E-01, 3.5976690000E+01, -6.3508720000E+01, -1.5261050000E+01, -4.0807600000E+00, 3.3463800000E+00, -9.7417470000E-01, 0.0000000000E+00, 0.0000000000E+00, 0.0000000000E+00,
3.760417E-01, 3.5793370000E+01, -6.3191410000E+01, -1.5133580000E+01, -4.1057520000E+00, 3.3568820000E+00, -9.8672610000E-01, 0.0000000000E+00, 0.0000000000E+00, 0.0000000000E+00,
3.770833E-01, 3.5608210000E+01, -6.2874120000E+01, -1.5007670000E+01, -4.1305670000E+00, 3.3672600000E+00, -9.9886570000E-01, 0.0000000000E+00, 0.0000000000E+00, 0.0000000000E+00,
3.781250E-01, 3.5421220000E+01, -6.2556870000E+01, -1.4883340000E+01, -4.1552010000E+00, 3.3775190000E+00, -1.0106050000E+00, 0.0000000000E+00, 0.0000000000E+00, 0.0000000000E+00,
3.791667E-01, 3.5232420000E+01, -6.2239660000E+01, -1.4760580000E+01, -4.1796500000E+00, 3.3876650000E+00, -1.0219550000E+00, 0.0000000000E+00, 0.0000000000E+00, 0.0000000000E+00,
3.802083E-01, 3.5041810000E+01, -6.1922530000E+01, -1.4639380000E+01, -4.2039110000E+00, 3.3977040000E+00, -1.0329270000E+00, 0.0000000000E+00, 0.0000000000E+00, 0.0000000000E+00,
3.812500E-01, 3.4849410000E+01, -6.1605490000E+01, -1.4519740000E+01, -4.2279810000E+00, 3.4076380000E+00, -1.0435310000E+00, 0.0000000000E+00, 0.0000000000E+00, 0.0000000000E+00,
3.822917E-01, 3.4655230000E+01, -6.1288540000E+01, -1.4401660000E+01, -4.2518560000E+00, 3.4174750000E+00, -1.0537790000E+00, 0.0000000000E+00, 0.0000000000E+00, 0.0000000000E+00,
3.833333E-01, 3.4459290000E+01, -6.0971710000E+01, -1.4285140000E+01, -4.2755340000E+00, 3.4272190000E+00, -1.0636810000E+00, 0.0000000000E+00, 0.0000000000E+00, 0.0000000000E+00,
3.843750E-01, 3.4261610000E+01, -6.0655000000E+01, -1.4170160000E+01, -4.2990110000E+00, 3.4368760000E+00, -1.0732480000E+00, 0.0000000000E+00, 0.0000000000E+00, 0.0000000000E+00,
3.854167E-01, 3.4062190000E+01, -6.0338440000E+01, -1.4056730000E+01, -4.3222850000E+00, 3.4464490000E+00, -1.0824910000E+00, 0.0000000000E+00, 0.0000000000E+00, 0.0000000000E+00,
3.864583E-01, 3.3861050000E+01, -6.0022020000E+01, -1.3944840000E+01, -4.3453510000E+00, 3.4559450000E+00, -1.0914180000E+00, 0.0000000000E+00, 0.0000000000E+00, 0.0000000000E+00,
3.875000E-01, 3.3658200000E+01, -5.9705770000E+01, -1.3834500000E+01, -4.3682080000E+00, 3.4653680000E+00, -1.1000410000E+00, 0.0000000000E+00, 0.0000000000E+00, 0.0000000000E+00,
3.885417E-01, 3.3453670000E+01, -5.9389690000E+01, -1.3725690000E+01, -4.3908520000E+00, 3.4747240000E+00, -1.1083700000E+00, 0.0000000000E+00, 0.0000000000E+00, 0.0000000000E+00,
3.895833E-01, 3.3247470000E+01, -5.9073790000E+01, -1.3618410000E+01, -4.4132810000E+00, 3.4840180000E+00, -1.1164140000E+00, 0.0000000000E+00, 0.0000000000E+00, 0.0000000000E+00,
3.906250E-01, 3.3039610000E+01, -5.8758090000E+01, -1.3512660000E+01, -4.4354920000E+00, 3.4932540000E+00, -1.1241820000E+00, 0.0000000000E+00, 0.0000000000E+00, 0.0000000000E+00,
3.916667E-01, 3.2830110000E+01, -5.8442580000E+01, -1.3408450000E+01, -4.4574820000E+00, 3.5024380000E+00, -1.1316840000E+00, 0.0000000000E+00, 0.0000000000E+00, 0.0000000000E+00,
3.927083E-01, 3.2618990000E+01, -5.8127280000E+01, -1.3305750000E+01, -4.4792490000E+00, 3.5115740000E+00, -1.1389290000E+00, 0.0000000000E+00, 0.0000000000E+00, 0.0000000000E+00,
3.937500E-01, 3.2406270000E+01, -5.7812190000E+01, -1.3204580000E+01, -4.5007890000E+00, 3.5206680000E+00, -1.1459260000E+00, 0.0000000000E+00, 0.0000000000E+00, 0.0000000000E+00,
3.947917E-01, 3.2191960000E+01, -5.7497320000E+01, -1.3104930000E+01, -4.5221010000E+00, 3.5297240000E+00, -1.1526830000E+00, 0.0000000000E+00, 0.0000000000E+00, 0.0000000000E+00,
3.958333E-01, 3.1976080000E+01, -5.7182670000E+01, -1.3006790000E+01, -4.5431830000E+00, 3.5387470000E+00, -1.1592100000E+00, 0.0000000000E+00, 0.0000000000E+00, 0.0000000000E+00,
3.968750E-01, 3.1758650000E+01, -5.6868240000E+01, -1.2910160000E+01, -4.5640310000E+00, 3.5477430000E+00, -1.1655130000E+00, 0.0000000000E+00, 0.0000000000E+00, 0.0000000000E+00,
3.979167E-01, 3.1539680000E+01, -5.6554050000E+01, -1.2815040000E+01, -4.5846430000E+00, 3.5567150000E+00, -1.1716030000E+00, 0.0000000000E+00, 0.0000000000E+00, 0.0000000000E+00,
3.989583E-01, 3.1319200000E+01, -5.6240090000E+01, -1.2721430000E+01, -4.6050190000E+00, 3.5656680000E+00, -1.1774850000E+00, 0.0000000000E+00, 0.0000000000E+00, 0.0000000000E+00,
4.000000E-01, 3.1097220000E+01, -5.5926370000E+01, -1.2629320000E+01, -4.6251540000E+00, 3.5746070000E+00, -1.1831680000E+00, 0.0000000000E+00, 0.0000000000E+00, 0.0000000000E+00,
4.010417E-01, 3.0873770000E+01, -5.5612890000E+01, -1.2538710000E+01, -4.6450480000E+00, 3.5835370000E+00, -1.1886580000E+00, 0.0000000000E+00, 0.0000000000E+00, 0.0000000000E+00,
4.020833E-01, 3.0648860000E+01, -5.5299640000E+01, -1.2449600000E+01, -4.6646980000E+00, 3.5924620000E+00, -1.1939640000E+00, 0.0000000000E+00, 0.0000000000E+00, 0.0000000000E+00,
4.031250E-01, 3.0422510000E+01, -5.4986630000E+01, -1.2361980000E+01, -4.6841030000E+00, 3.6013860000E+00, -1.1990920000E+00, 0.0000000000E+00, 0.0000000000E+00, 0.0000000000E+00,
4.041667E-01, 3.0194740000E+01, -5.4673860000E+01, -1.2275850000E+01, -4.7032610000E+00, 3.6103140000E+00, -1.2040480000E+00, 0.0000000000E+00, 0.0000000000E+00, 0.0000000000E+00,
4.052083E-01, 2.9965570000E+01, -5.4361330000E+01, -1.2191210000E+01, -4.7221700000E+00, 3.6192500000E+00, -1.2088390000E+00, 0.0000000000E+00, 0.0000000000E+00, 0.0000000000E+00,
4.062500E-01, 2.9735020000E+01, -5.4049030000E+01, -1.2108060000E+01, -4.7408290000E+00, 3.6281980000E+00, -1.2134710000E+00, 0.0000000000E+00, 0.0000000000E+00, 0.0000000000E+00,
4.072917E-01, 2.9503110000E+01, -5.3736970000E+01, -1.2026380000E+01, -4.7592350000E+00, 3.6371630000E+00, -1.2179490000E+00, 0.0000000000E+00, 0.0000000000E+00, 0.0000000000E+00,
4.083333E-01, 2.9269860000E+01, -5.3425130000E+01, -1.1946190000E+01, -4.7773890000E+00, 3.6461470000E+00, -1.2222800000E+00, 0.0000000000E+00, 0.0000000000E+00, 0.0000000000E+00,
4.093750E-01, 2.9035300000E+01, -5.3113530000E+01, -1.1867470000E+01, -4.7952870000E+00, 3.6551570000E+00, -1.2264690000E+00, 0.0000000000E+00, 0.0000000000E+00, 0.0000000000E+00,
4.104167E-01, 2.8799430000E+01, -5.2802150000E+01, -1.1790220000E+01, -4.8129300000E+00, 3.6641940000E+00, -1.2305200000E+00, 0.0000000000E+00, 0.0000000000E+00, 0.0000000000E+00,
4.114583E-01, 2.8562290000E+01, -5.2490990000E+01, -1.1714440000E+01, -4.8303160000E+00, 3.6732630000E+00, -1.2344390000E+00, 0.0000000000E+00, 0.0000000000E+00, 0.0000000000E+00,
4.125000E-01, 2.8323900000E+01, -5.2180040000E+01, -1.1640130000E+01, -4.8474440000E+00, 3.6823670000E+00, -1.2382310000E+00, 0.0000000000E+00, 0.0000000000E+00, 0.0000000000E+00,
4.135417E-01, 2.8084260000E+01, -5.1869300000E+01, -1.1567280000E+01, -4.8643120000E+00, 3.6915100000E+00, -1.2418990000E+00, 0.0000000000E+00, 0.0000000000E+00, 0.0000000000E+00,
4.145833E-01, 2.7843420000E+01, -5.1558770000E+01, -1.1495900000E+01, -4.8809210000E+00, 3.7006960000E+00, -1.2454480000E+00, 0.0000000000E+00, 0.0000000000E+00, 0.0000000000E+00,
4.156250E-01, 2.7601380000E+01, -5.1248430000E+01, -1.1425970000E+01, -4.8972690000E+00, 3.7099270000E+00, -1.2488820000E+00, 0.0000000000E+00, 0.0000000000E+00, 0.0000000000E+00,
4.166667E-01, 2.7358170000E+01, -5.0938280000E+01, -1.1357490000E+01, -4.9133550000E+00, 3.7192080000E+00, -1.2522050000E+00, 0.0000000000E+00, 0.0000000000E+00, 0.0000000000E+00,
4.177083E-01, 2.7113810000E+01, -5.0628320000E+01, -1.1290460000E+01, -4.9291800000E+00, 3.7285400000E+00, -1.2554190000E+00, 0.0000000000E+00, 0.0000000000E+00, 0.0000000000E+00,
4.187500E-01, 2.6868320000E+01, -5.0318530000E+01, -1.1224890000E+01, -4.9447420000E+00, 3.7379270000E+00, -1.2585290000E+00, 0.0000000000E+00, 0.0000000000E+00, 0.0000000000E+00,
4.197917E-01, 2.6621730000E+01, -5.0008900000E+01, -1.1160750000E+01, -4.9600410000E+00, 3.7473710000E+00, -1.2615380000E+00, 0.0000000000E+00, 0.0000000000E+00, 0.0000000000E+00,
4.208333E-01, 2.6374050000E+01, -4.9699440000E+01, -1.1098060000E+01, -4.9750760000E+00, 3.7568770000E+00, -1.2644470000E+00, 0.0000000000E+00, 0.0000000000E+00, 0.0000000000E+00,
4.218750E-01, 2.6125300000E+01, -4.9390130000E+01, -1.1036810000E+01, -4.9898480000E+00, 3.7664450000E+00, -1.2672600000E+00, 0.0000000000E+00, 0.0000000000E+00, 0.0000000000E+00,
4.229167E-01, 2.5875520000E+01, -4.9080950000E+01, -1.0976990000E+01, -5.0043560000E+00, 3.7760780000E+00, -1.2699790000E+00, 0.0000000000E+00, 0.0000000000E+00, 0.0000000000E+00,
4.239583E-01, 2.5624720000E+01, -4.8771910000E+01, -1.0918600000E+01, -5.0186010000E+00, 3.7857800000E+00, -1.2726070000E+00, 0.0000000000E+00, 0.0000000000E+00, 0.0000000000E+00,
4.250000E-01, 2.5372910000E+01, -4.8462990000E+01, -1.0861640000E+01, -5.0325810000E+00, 3.7955510000E+00, -1.2751450000E+00, 0.0000000000E+00, 0.0000000000E+00, 0.0000000000E+00,
4.260417E-01, 2.5120140000E+01, -4.8154180000E+01, -1.0806100000E+01, -5.0462980000E+00, 3.8053950000E+00, -1.2775950000E+00, 0.0000000000E+00, 0.0000000000E+00, 0.0000000000E+00,
4.270833E-01, 2.4866410000E+01, -4.7845460000E+01, -1.0751990000E+01, -5.0597520000E+00, 3.8153130000E+00, -1.2799600000E+00, 0.0000000000E+00, 0.0000000000E+00, 0.0000000000E+00,
4.281250E-01, 2.4611750000E+01, -4.7536840000E+01, -1.0699300000E+01, -5.0729420000E+00, 3.8253060000E+00, -1.2822390000E+00, 0.0000000000E+00, 0.0000000000E+00, 0.0000000000E+00,
4.291667E-01, 2.4356180000E+01, -4.7228300000E+01, -1.0648020000E+01, -5.0858690000E+00, 3.8353770000E+00, -1.2844350000E+00, 0.0000000000E+00, 0.0000000000E+00, 0.0000000000E+00,
4.302083E-01, 2.4099720000E+01, -4.6919820000E+01, -1.0598150000E+01, -5.0985340000E+00, 3.8455270000E+00, -1.2865490000E+00, 0.0000000000E+00, 0.0000000000E+00, 0.0000000000E+00,
4.312500E-01, 2.3842400000E+01, -4.6611390000E+01, -1.0549690000E+01, -5.1109370000E+00, 3.8557570000E+00, -1.2885820000E+00, 0.0000000000E+00, 0.0000000000E+00, 0.0000000000E+00,
4.322917E-01, 2.3584230000E+01, -4.6303010000E+01, -1.0502640000E+01, -5.1230790000E+00, 3.8660690000E+00, -1.2905340000E+00, 0.0000000000E+00, 0.0000000000E+00, 0.0000000000E+00,
4.333333E-01, 2.3325250000E+01, -4.5994660000E+01, -1.0456980000E+01, -5.1349600000E+00, 3.8764640000E+00, -1.2924070000E+00, 0.0000000000E+00, 0.0000000000E+00, 0.0000000000E+00,
4.343750E-01, 2.3065460000E+01, -4.5686330000E+01, -1.0412730000E+01, -5.1465810000E+00, 3.8869420000E+00, -1.2942000000E+00, 0.0000000000E+00, 0.0000000000E+00, 0.0000000000E+00,
4.354167E-01, 2.2804900000E+01, -4.5378000000E+01, -1.0369870000E+01, -5.1579440000E+00, 3.8975050000E+00, -1.2959160000E+00, 0.0000000000E+00, 0.0000000000E+00, 0.0000000000E+00,
4.364583E-01, 2.2543580000E+01, -4.5069660000E+01, -1.0328400000E+01, -5.1690480000E+00, 3.9081530000E+00, -1.2975520000E+00, 0.0000000000E+00, 0.0000000000E+00, 0.0000000000E+00,
4.375000E-01, 2.2281530000E+01, -4.4761310000E+01, -1.0288320000E+01, -5.1798950000E+00, 3.9188860000E+00, -1.2991110000E+00, 0.0000000000E+00, 0.0000000000E+00, 0.0000000000E+00,
4.385417E-01, 2.2018770000E+01, -4.4452920000E+01, -1.0249630000E+01, -5.1904870000E+00, 3.9297050000E+00, -1.3005920000E+00, 0.0000000000E+00, 0.0000000000E+00, 0.0000000000E+00,
4.395833E-01, 2.1755330000E+01, -4.4144480000E+01, -1.0212320000E+01, -5.2008240000E+00, 3.9406110000E+00, -1.3019960000E+00, 0.0000000000E+00, 0.0000000000E+00, 0.0000000000E+00,
4.406250E-01, 2.1491210000E+01, -4.3835980000E+01, -1.0176380000E+01, -5.2109070000E+00, 3.9516030000E+00, -1.3033210000E+00, 0.0000000000E+00, 0.0000000000E+00, 0.0000000000E+00,
4.416667E-01, 2.1226450000E+01, -4.3527410000E+01, -1.0141820000E+01, -5.2207380000E+00, 3.9626810000E+00, -1.3045690000E+00, 0.0000000000E+00, 0.0000000000E+00, 0.0000000000E+00,
4.427083E-01, 2.0961070000E+01, -4.3218750000E+01, -1.0108630000E+01, -5.2303180000E+00, 3.9738450000E+00, -1.3057380000E+00, 0.0000000000E+00, 0.0000000000E+00, 0.0000000000E+00,
4.437500E-01, 2.0695080000E+01, -4.2909990000E+01, -1.0076810000E+01, -5.2396490000E+00, 3.9850950000E+00, -1.3068290000E+00, 0.0000000000E+00, 0.0000000000E+00, 0.0000000000E+00,
4.447917E-01, 2.0428510000E+01, -4.2601110000E+01, -1.0046350000E+01, -5.2487330000E+00, 3.9964300000E+00, -1.3078420000E+00, 0.0000000000E+00, 0.0000000000E+00, 0.0000000000E+00,
4.458333E-01, 2.0161390000E+01, -4.2292110000E+01, -1.0017260000E+01, -5.2575700000E+00, 4.0078500000E+00, -1.3087760000E+00, 0.0000000000E+00, 0.0000000000E+00, 0.0000000000E+00,
4.468750E-01, 1.9893730000E+01, -4.1982960000E+01, -9.9895220000E+00, -5.2661620000E+00, 4.0193530000E+00, -1.3096310000E+00, 0.0000000000E+00, 0.0000000000E+00, 0.0000000000E+00,
4.479167E-01, 1.9625550000E+01, -4.1673650000E+01, -9.9631390000E+00, -5.2745120000E+00, 4.0309380000E+00, -1.3104060000E+00, 0.0000000000E+00, 0.0000000000E+00, 0.0000000000E+00,
4.489583E-01, 1.9356880000E+01, -4.1364180000E+01, -9.9381090000E+00, -5.2826200000E+00, 4.0426060000E+00, -1.3111010000E+00, 0.0000000000E+00, 0.0000000000E+00, 0.0000000000E+00,
4.500000E-01, 1.9087730000E+01, -4.1054510000E+01, -9.9144270000E+00, -5.2904900000E+00, 4.0543540000E+00, -1.3117150000E+00, 0.0000000000E+00, 0.0000000000E+00, 0.0000000000E+00,
4.510417E-01, 1.8818140000E+01, -4.0744650000E+01, -9.8920900000E+00, -5.2981220000E+00, 4.0661810000E+00, -1.3122500000E+00, 0.0000000000E+00, 0.0000000000E+00, 0.0000000000E+00,
4.520833E-01, 1.8548110000E+01, -4.0434580000E+01, -9.8710960000E+00, -5.3055180000E+00, 4.0780850000E+00, -1.3127020000E+00, 0.0000000000E+00, 0.0000000000E+00, 0.0000000000E+00,
4.531250E-01, 1.8277670000E+01, -4.0124280000E+01, -9.8514410000E+00, -5.3126820000E+00, 4.0900660000E+00, -1.3130740000E+00, 0.0000000000E+00, 0.0000000000E+00, 0.0000000000E+00,
4.541667E-01, 1.8006840000E+01, -3.9813730000E+01, -9.8331220000E+00, -5.3196140000E+00, 4.1021210000E+00, -1.3133640000E+00, 0.0000000000E+00, 0.0000000000E+00, 0.0000000000E+00,
4.552083E-01, 1.7735640000E+01, -3.9502940000E+01, -9.8161370000E+00, -5.3263170000E+00, 4.1142480000E+00, -1.3135710000E+00, 0.0000000000E+00, 0.0000000000E+00, 0.0000000000E+00,
4.562500E-01, 1.7464100000E+01, -3.9191870000E+01, -9.8004830000E+00, -5.3327930000E+00, 4.1264450000E+00, -1.3136960000E+00, 0.0000000000E+00, 0.0000000000E+00, 0.0000000000E+00,
4.572917E-01, 1.7192230000E+01, -3.8880520000E+01, -9.7861560000E+00, -5.3390440000E+00, 4.1387100000E+00, -1.3137390000E+00, 0.0000000000E+00, 0.0000000000E+00, 0.0000000000E+00,
4.583333E-01, 1.6920050000E+01, -3.8568870000E+01, -9.7731550000E+00, -5.3450720000E+00, 4.1510410000E+00, -1.3136990000E+00, 0.0000000000E+00, 0.0000000000E+00, 0.0000000000E+00,
4.593750E-01, 1.6647580000E+01, -3.8256910000E+01, -9.7614760000E+00, -5.3508800000E+00, 4.1634350000E+00, -1.3135760000E+00, 0.0000000000E+00, 0.0000000000E+00, 0.0000000000E+00,
4.604167E-01, 1.6374850000E+01, -3.7944630000E+01, -9.7511170000E+00, -5.3564700000E+00, 4.1758910000E+00, -1.3133690000E+00, 0.0000000000E+00, 0.0000000000E+00, 0.0000000000E+00,
4.614583E-01, 1.6101870000E+01, -3.7632010000E+01, -9.7420760000E+00, -5.3618450000E+00, 4.1884040000E+00, -1.3130800000E+00, 0.0000000000E+00, 0.0000000000E+00, 0.0000000000E+00,
4.625000E-01, 1.5828660000E+01, -3.7319040000E+01, -9.7343500000E+00, -5.3670060000E+00, 4.2009730000E+00, -1.3127080000E+00, 0.0000000000E+00, 0.0000000000E+00, 0.0000000000E+00,
4.635417E-01, 1.5555250000E+01, -3.7005710000E+01, -9.7279370000E+00, -5.3719570000E+00, 4.2135940000E+00, -1.3122530000E+00, 0.0000000000E+00, 0.0000000000E+00, 0.0000000000E+00,
4.645833E-01, 1.5281640000E+01, -3.6691990000E+01, -9.7228350000E+00, -5.3767000000E+00, 4.2262650000E+00, -1.3117160000E+00, 0.0000000000E+00, 0.0000000000E+00, 0.0000000000E+00,
4.656250E-01, 1.5007870000E+01, -3.6377890000E+01, -9.7190420000E+00, -5.3812370000E+00, 4.2389820000E+00, -1.3110960000E+00, 0.0000000000E+00, 0.0000000000E+00, 0.0000000000E+00,
4.666667E-01, 1.4733950000E+01, -3.6063380000E+01, -9.7165560000E+00, -5.3855700000E+00, 4.2517420000E+00, -1.3103950000E+00, 0.0000000000E+00, 0.0000000000E+00, 0.0000000000E+00,
4.677083E-01, 1.4459900000E+01, -3.5748460000E+01, -9.7153750000E+00, -5.3897030000E+00, 4.2645420000E+00, -1.3096130000E+00, 0.0000000000E+00, 0.0000000000E+00, 0.0000000000E+00,
4.687500E-01, 1.4185740000E+01, -3.5433100000E+01, -9.7154980000E+00, -5.3936380000E+00, 4.2773780000E+00, -1.3087490000E+00, 0.0000000000E+00, 0.0000000000E+00, 0.0000000000E+00,
4.697917E-01, 1.3911480000E+01, -3.5117310000E+01, -9.7169220000E+00, -5.3973780000E+00, 4.2902470000E+00, -1.3078060000E+00, 0.0000000000E+00, 0.0000000000E+00, 0.0000000000E+00,
4.708333E-01, 1.3637160000E+01, -3.4801060000E+01, -9.7196480000E+00, -5.4009240000E+00, 4.3031450000E+00, -1.3067840000E+00, 0.0000000000E+00, 0.0000000000E+00, 0.0000000000E+00,
4.718750E-01, 1.3362770000E+01, -3.4484340000E+01, -9.7236730000E+00, -5.4042810000E+00, 4.3160690000E+00, -1.3056840000E+00, 0.0000000000E+00, 0.0000000000E+00, 0.0000000000E+00,
4.729167E-01, 1.3088360000E+01, -3.4167140000E+01, -9.7289960000E+00, -5.4074500000E+00, 4.3290150000E+00, -1.3045070000E+00, 0.0000000000E+00, 0.0000000000E+00, 0.0000000000E+00,
4.739583E-01, 1.2813920000E+01, -3.3849460000E+01, -9.7356170000E+00, -5.4104340000E+00, 4.3419780000E+00, -1.3032530000E+00, 0.0000000000E+00, 0.0000000000E+00, 0.0000000000E+00,
4.750000E-01, 1.2539480000E+01, -3.3531270000E+01, -9.7435340000E+00, -5.4132360000E+00, 4.3549550000E+00, -1.3019260000E+00, 0.0000000000E+00, 0.0000000000E+00, 0.0000000000E+00,
4.760417E-01, 1.2265060000E+01, -3.3212570000E+01, -9.7527480000E+00, -5.4158590000E+00, 4.3679420000E+00, -1.3005240000E+00, 0.0000000000E+00, 0.0000000000E+00, 0.0000000000E+00,
4.770833E-01, 1.1990680000E+01, -3.2893350000E+01, -9.7632560000E+00, -5.4183050000E+00, 4.3809340000E+00, -1.2990520000E+00, 0.0000000000E+00, 0.0000000000E+00, 0.0000000000E+00,
4.781250E-01, 1.1716350000E+01, -3.2573590000E+01, -9.7750610000E+00, -5.4205780000E+00, 4.3939280000E+00, -1.2975090000E+00, 0.0000000000E+00, 0.0000000000E+00, 0.0000000000E+00,
4.791667E-01, 1.1442090000E+01, -3.2253280000E+01, -9.7881600000E+00, -5.4226790000E+00, 4.4069190000E+00, -1.2958980000E+00, 0.0000000000E+00, 0.0000000000E+00, 0.0000000000E+00,
4.802083E-01, 1.1167930000E+01, -3.1932420000E+01, -9.8025550000E+00, -5.4246110000E+00, 4.4199020000E+00, -1.2942200000E+00, 0.0000000000E+00, 0.0000000000E+00, 0.0000000000E+00,
4.812500E-01, 1.0893860000E+01, -3.1610990000E+01, -9.8182450000E+00, -5.4263780000E+00, 4.4328740000E+00, -1.2924790000E+00, 0.0000000000E+00, 0.0000000000E+00, 0.0000000000E+00,
4.822917E-01, 1.0619920000E+01, -3.1288990000E+01, -9.8352300000E+00, -5.4279820000E+00, 4.4458300000E+00, -1.2906740000E+00, 0.0000000000E+00, 0.0000000000E+00, 0.0000000000E+00,
4.833333E-01, 1.0346120000E+01, -3.0966390000E+01, -9.8535130000E+00, -5.4294260000E+00, 4.4587650000E+00, -1.2888100000E+00, 0.0000000000E+00, 0.0000000000E+00, 0.0000000000E+00,
4.843750E-01, 1.0072480000E+01, -3.0643200000E+01, -9.8730920000E+00, -5.4307130000E+00, 4.4716750000E+00, -1.2868880000E+00, 0.0000000000E+00, 0.0000000000E+00, 0.0000000000E+00,
4.854167E-01, 9.7990070000E+00, -3.0319400000E+01, -9.8939700000E+00, -5.4318440000E+00, 4.4845550000E+00, -1.2849110000E+00, 0.0000000000E+00, 0.0000000000E+00, 0.0000000000E+00,
4.864583E-01, 9.5257260000E+00, -2.9994990000E+01, -9.9161480000E+00, -5.4328240000E+00, 4.4974010000E+00, -1.2828810000E+00, 0.0000000000E+00, 0.0000000000E+00, 0.0000000000E+00,
4.875000E-01, 9.2526520000E+00, -2.9669950000E+01, -9.9396260000E+00, -5.4336540000E+00, 4.5102070000E+00, -1.2808020000E+00, 0.0000000000E+00, 0.0000000000E+00, 0.0000000000E+00,
4.885417E-01, 8.9798000000E+00, -2.9344280000E+01, -9.9644070000E+00, -5.4343380000E+00, 4.5229700000E+00, -1.2786750000E+00, 0.0000000000E+00, 0.0000000000E+00, 0.0000000000E+00,
4.895833E-01, 8.7071860000E+00, -2.9017970000E+01, -9.9904920000E+00, -5.4348790000E+00, 4.5356830000E+00, -1.2765030000E+00, 0.0000000000E+00, 0.0000000000E+00, 0.0000000000E+00,
4.906250E-01, 8.4348270000E+00, -2.8691000000E+01, -1.0017880000E+01, -5.4352780000E+00, 4.5483430000E+00, -1.2742910000E+00, 0.0000000000E+00, 0.0000000000E+00, 0.0000000000E+00,
4.916667E-01, 8.1627380000E+00, -2.8363380000E+01, -1.0046580000E+01, -5.4355390000E+00, 4.5609440000E+00, -1.2720400000E+00, 0.0000000000E+00, 0.0000000000E+00, 0.0000000000E+00,
4.927083E-01, 7.8909360000E+00, -2.8035100000E+01, -1.0076590000E+01, -5.4356640000E+00, 4.5734820000E+00, -1.2697540000E+00, 0.0000000000E+00, 0.0000000000E+00, 0.0000000000E+00,
4.937500E-01, 7.6194340000E+00, -2.7706140000E+01, -1.0107920000E+01, -5.4356560000E+00, 4.5859520000E+00, -1.2674360000E+00, 0.0000000000E+00, 0.0000000000E+00, 0.0000000000E+00,
4.947917E-01, 7.3482490000E+00, -2.7376500000E+01, -1.0140560000E+01, -5.4355170000E+00, 4.5983490000E+00, -1.2650900000E+00, 0.0000000000E+00, 0.0000000000E+00, 0.0000000000E+00,
4.958333E-01, 7.0773960000E+00, -2.7046170000E+01, -1.0174520000E+01, -5.4352510000E+00, 4.6106670000E+00, -1.2627180000E+00, 0.0000000000E+00, 0.0000000000E+00, 0.0000000000E+00,
4.968750E-01, 6.8068910000E+00, -2.6715150000E+01, -1.0209800000E+01, -5.4348600000E+00, 4.6229020000E+00, -1.2603260000E+00, 0.0000000000E+00, 0.0000000000E+00, 0.0000000000E+00,
4.979167E-01, 6.5367470000E+00, -2.6383420000E+01, -1.0246410000E+01, -5.4343460000E+00, 4.6350490000E+00, -1.2579150000E+00, 0.0000000000E+00, 0.0000000000E+00, 0.0000000000E+00,
4.989583E-01, 6.2669800000E+00, -2.6050990000E+01, -1.0284350000E+01, -5.4337130000E+00, 4.6471040000E+00, -1.2554900000E+00, 0.0000000000E+00, 0.0000000000E+00, 0.0000000000E+00,
5.000000E-01, 5.9976040000E+00, -2.5717850000E+01, -1.0323620000E+01, -5.4329620000E+00, 4.6590600000E+00, -1.2530540000E+00, 0.0000000000E+00, 0.0000000000E+00, 0.0000000000E+00,
5.010417E-01, 5.7286350000E+00, -2.5383990000E+01, -1.0364230000E+01, -5.4320960000E+00, 4.6709120000E+00, -1.2506110000E+00, 0.0000000000E+00, 0.0000000000E+00, 0.0000000000E+00,
5.020833E-01, 5.4600860000E+00, -2.5049410000E+01, -1.0406180000E+01, -5.4311180000E+00, 4.6826570000E+00, -1.2481650000E+00, 0.0000000000E+00, 0.0000000000E+00, 0.0000000000E+00,
5.031250E-01, 5.1919710000E+00, -2.4714090000E+01, -1.0449480000E+01, -5.4300310000E+00, 4.6942890000E+00, -1.2457190000E+00, 0.0000000000E+00, 0.0000000000E+00, 0.0000000000E+00,
5.041667E-01, 4.9243060000E+00, -2.4378050000E+01, -1.0494120000E+01, -5.4288360000E+00, 4.7058030000E+00, -1.2432780000E+00, 0.0000000000E+00, 0.0000000000E+00, 0.0000000000E+00,
5.052083E-01, 4.6571030000E+00, -2.4041260000E+01, -1.0540130000E+01, -5.4275360000E+00, 4.7171940000E+00, -1.2408450000E+00, 0.0000000000E+00, 0.0000000000E+00, 0.0000000000E+00,
5.062500E-01, 4.3903770000E+00, -2.3703740000E+01, -1.0587490000E+01, -5.4261340000E+00, 4.7284560000E+00, -1.2384240000E+00, 0.0000000000E+00, 0.0000000000E+00, 0.0000000000E+00,
5.072917E-01, 4.1241420000E+00, -2.3365460000E+01, -1.0636220000E+01, -5.4246310000E+00, 4.7395860000E+00, -1.2360200000E+00, 0.0000000000E+00, 0.0000000000E+00, 0.0000000000E+00,
5.083333E-01, 3.8584100000E+00, -2.3026440000E+01, -1.0686320000E+01, -5.4230320000E+00, 4.7505780000E+00, -1.2336350000E+00, 0.0000000000E+00, 0.0000000000E+00, 0.0000000000E+00,
5.093750E-01, 3.5931970000E+00, -2.2686670000E+01, -1.0737800000E+01, -5.4213360000E+00, 4.7614270000E+00, -1.2312730000E+00, 0.0000000000E+00, 0.0000000000E+00, 0.0000000000E+00,
5.104167E-01, 3.3285140000E+00, -2.2346130000E+01, -1.0790660000E+01, -5.4195480000E+00, 4.7721290000E+00, -1.2289400000E+00, 0.0000000000E+00, 0.0000000000E+00, 0.0000000000E+00,
5.114583E-01, 3.0643760000E+00, -2.2004840000E+01, -1.0844910000E+01, -5.4176700000E+00, 4.7826770000E+00, -1.2266370000E+00, 0.0000000000E+00, 0.0000000000E+00, 0.0000000000E+00,
5.125000E-01, 2.8007950000E+00, -2.1662790000E+01, -1.0900550000E+01, -5.4157020000E+00, 4.7930690000E+00, -1.2243700000E+00, 0.0000000000E+00, 0.0000000000E+00, 0.0000000000E+00,
5.135417E-01, 2.5377850000E+00, -2.1319970000E+01, -1.0957600000E+01, -5.4136490000E+00, 4.8032980000E+00, -1.2221420000E+00, 0.0000000000E+00, 0.0000000000E+00, 0.0000000000E+00,
5.145833E-01, 2.2753580000E+00, -2.0976380000E+01, -1.1016040000E+01, -5.4115120000E+00, 4.8133590000E+00, -1.2199560000E+00, 0.0000000000E+00, 0.0000000000E+00, 0.0000000000E+00,
5.156250E-01, 2.0135280000E+00, -2.0632030000E+01, -1.1075910000E+01, -5.4092930000E+00, 4.8232490000E+00, -1.2178160000E+00, 0.0000000000E+00, 0.0000000000E+00, 0.0000000000E+00,
5.166667E-01, 1.7523060000E+00, -2.0286900000E+01, -1.1137190000E+01, -5.4069940000E+00, 4.8329620000E+00, -1.2157270000E+00, 0.0000000000E+00, 0.0000000000E+00, 0.0000000000E+00,
5.177083E-01, 1.4917060000E+00, -1.9941010000E+01, -1.1199890000E+01, -5.4046170000E+00, 4.8424940000E+00, -1.2136910000E+00, 0.0000000000E+00, 0.0000000000E+00, 0.0000000000E+00,
5.187500E-01, 1.2317400000E+00, -1.9594340000E+01, -1.1264030000E+01, -5.4021660000E+00, 4.8518400000E+00, -1.2117110000E+00, 0.0000000000E+00, 0.0000000000E+00, 0.0000000000E+00,
5.197917E-01, 9.7242050000E-01, -1.9246900000E+01, -1.1329610000E+01, -5.3996400000E+00, 4.8609940000E+00, -1.2097920000E+00, 0.0000000000E+00, 0.0000000000E+00, 0.0000000000E+00,
5.208333E-01, 7.1375920000E-01, -1.8898690000E+01, -1.1396640000E+01, -5.3970430000E+00, 4.8699540000E+00, -1.2079370000E+00, 0.0000000000E+00, 0.0000000000E+00, 0.0000000000E+00,
